L N d seed D_(MIS-1) D_MIS MIS
11 97 0.8 0 497025 2748 30
11 97 0.8 1 377014 6552 30
11 97 0.8 2 130112 1440 30
11 97 0.8 3 987752 16512 31
11 97 0.8 4 2372 18 33
11 97 0.8 5 2214867 25126 30
11 97 0.8 6 82098 810 32
11 97 0.8 7 16412 180 33
11 97 0.8 8 146877 1214 31
11 97 0.8 9 27952 266 32
11 97 0.8 10 5748 48 33
11 97 0.8 11 70794 342 31
11 97 0.8 12 77490 790 31
11 97 0.8 13 264152 2836 31
11 97 0.8 14 15178 171 31
11 97 0.8 15 951297 17702 31
11 97 0.8 16 18192 128 32
11 97 0.8 17 4470 24 32
11 97 0.8 18 148902 1755 30
11 97 0.8 19 82003 881 32
11 97 0.8 20 61981 520 32
11 97 0.8 21 939144 13888 30
11 97 0.8 22 2445730 36036 30
11 97 0.8 23 69285 682 30
11 97 0.8 24 3582 10 31
11 97 0.8 25 258869 3840 31
11 97 0.8 26 574413 6982 31
11 97 0.8 27 190310 2697 31
11 97 0.8 28 316695 2950 31
11 97 0.8 29 29645 203 32
11 97 0.8 30 9768 120 32
11 97 0.8 31 30570 354 31
11 97 0.8 32 202109 2296 32
11 97 0.8 33 14958 168 31
11 97 0.8 34 743648 10406 31
11 97 0.8 35 1021564 16095 31
11 97 0.8 36 28986 274 32
11 97 0.8 37 1611015 11300 30
11 97 0.8 38 27928 280 32
11 97 0.8 39 176612 2292 32
11 97 0.8 40 1057798 16396 31
11 97 0.8 41 3037366 36024 29
11 97 0.8 42 21668 252 32
11 97 0.8 43 5764267 113112 30
11 97 0.8 44 2195110 27816 30
11 97 0.8 45 404896 6003 32
11 97 0.8 46 960784 12672 30
11 97 0.8 47 175630 2104 31
11 97 0.8 48 10517078 175476 29
11 97 0.8 49 319038 4840 32
11 97 0.8 50 109975 1585 32
11 97 0.8 51 1545 12 33
11 97 0.8 52 1868855 24508 30
11 97 0.8 53 152862 2010 32
11 97 0.8 54 20404 240 33
11 97 0.8 55 9650 100 33
11 97 0.8 56 1349218 18706 31
11 97 0.8 57 470316 2224 31
11 97 0.8 58 352793 4626 30
11 97 0.8 59 10714 39 32
11 97 0.8 60 19416 216 33
11 97 0.8 61 16928 48 31
11 97 0.8 62 4338216 59352 30
11 97 0.8 63 82875 746 31
11 97 0.8 64 1895 20 33
11 97 0.8 65 9776 120 33
11 97 0.8 66 549769 6948 30
11 97 0.8 67 614494 9176 30
11 97 0.8 68 514115 6270 31
11 97 0.8 69 217896 48 30
11 97 0.8 70 2062 24 33
11 97 0.8 71 2312391 32518 30
11 97 0.8 72 1078123 12580 30
11 97 0.8 73 1189567 17256 31
11 97 0.8 74 31885 356 33
11 97 0.8 75 152944 1080 31
11 97 0.8 76 1165111 13530 30
11 97 0.8 77 2788 18 32
11 97 0.8 78 5886 64 33
11 97 0.8 79 125088 1530 31
11 97 0.8 80 712724 10656 31
11 97 0.8 81 244066 1802 30
11 97 0.8 82 5494 36 32
11 97 0.8 83 6619975 110892 30
11 97 0.8 84 4554631 64704 29
11 97 0.8 85 440272 5600 30
11 97 0.8 86 146958 26 31
11 97 0.8 87 409788 5008 30
11 97 0.8 88 93917 1140 32
11 97 0.8 89 76546 636 32
11 97 0.8 90 5454392 90065 30
11 97 0.8 91 65378 820 32
11 97 0.8 92 10738 88 31
11 97 0.8 93 1957343 21582 29
11 97 0.8 94 296458 4197 31
11 97 0.8 95 10707 32 31
11 97 0.8 96 203032 1824 31
11 97 0.8 97 107749 1443 33
11 97 0.8 98 9007984 90200 29
11 97 0.8 99 525951 8761 31
11 97 0.8 100 128 1 34
11 97 0.8 101 270641 3800 31
11 97 0.8 102 6902 32 32
11 97 0.8 103 240 1 34
11 97 0.8 104 8018 84 33
11 97 0.8 105 1446879 22072 30
11 97 0.8 106 68664 604 31
11 97 0.8 107 23662 255 32
11 97 0.8 108 68910 784 31
11 97 0.8 109 816412 13152 31
11 97 0.8 110 153156 1920 31
11 97 0.8 111 406254 5390 31
11 97 0.8 112 98195 1152 32
11 97 0.8 113 3364 24 31
11 97 0.8 114 1583 12 34
11 97 0.8 115 266395 2415 31
11 97 0.8 116 10605 113 33
11 97 0.8 117 4455 53 33
11 97 0.8 118 14290 120 33
11 97 0.8 119 2708 26 34
11 97 0.8 120 760 8 33
11 97 0.8 121 393102 5308 30
11 97 0.8 122 28100 288 31
11 97 0.8 123 17016 216 33
11 97 0.8 124 7121509 92722 29
11 97 0.8 125 27940 72 29
11 97 0.8 126 6108 62 34
11 97 0.8 127 1858792 32536 31
11 97 0.8 128 1337937 22378 31
11 97 0.8 129 8454 80 32
11 97 0.8 130 2744 18 33
11 97 0.8 131 46478 536 32
11 97 0.8 132 508 2 32
11 97 0.8 133 53056 728 31
11 97 0.8 134 330930 4752 31
11 97 0.8 135 266467 1386 30
11 97 0.8 136 1248368 19760 31
11 97 0.8 137 13998 36 31
11 97 0.8 138 3083182 42748 30
11 97 0.8 139 4698719 62740 30
11 97 0.8 140 86028 784 31
11 97 0.8 141 383428 5064 30
11 97 0.8 142 366579 936 30
11 97 0.8 143 300496 4368 31
11 97 0.8 144 439384 5856 31
11 97 0.8 145 502 4 33
11 97 0.8 146 41732 468 32
11 97 0.8 147 10942 72 31
11 97 0.8 148 43484 256 31
11 97 0.8 149 47695 537 32
11 97 0.8 150 25046 262 31
11 97 0.8 151 15220 160 33
11 97 0.8 152 132748 1722 32
11 97 0.8 153 2852 28 33
11 97 0.8 154 7804 84 32
11 97 0.8 155 1597295 18845 30
11 97 0.8 156 82750 984 32
11 97 0.8 157 8578036 155032 30
11 97 0.8 158 158761 2046 32
11 97 0.8 159 26332 293 32
11 97 0.8 160 166095 1701 31
11 97 0.8 161 4516 36 32
11 97 0.8 162 886769 9114 30
11 97 0.8 163 5446 22 31
11 97 0.8 164 205312 2662 31
11 97 0.8 165 38265 300 32
11 97 0.8 166 8373 42 32
11 97 0.8 167 121767 1833 32
11 97 0.8 168 752907 9038 31
11 97 0.8 169 10278 98 33
11 97 0.8 170 6696 64 32
11 97 0.8 171 35688 316 32
11 97 0.8 172 751504 10800 30
11 97 0.8 173 444380 6108 30
11 97 0.8 174 1832 18 34
11 97 0.8 175 3692 20 33
11 97 0.8 176 132360 1368 31
11 97 0.8 177 5883349 112829 30
11 97 0.8 178 2268838 30443 31
11 97 0.8 179 43326 480 32
11 97 0.8 180 3380951 46559 30
11 97 0.8 181 64218 112 32
11 97 0.8 182 104842 1361 31
11 97 0.8 183 203486 1744 30
11 97 0.8 184 931 5 33
11 97 0.8 185 18817 158 32
11 97 0.8 186 11879468 183424 30
11 97 0.8 187 296628 3904 31
11 97 0.8 188 311700 4208 31
11 97 0.8 189 665384 8755 31
11 97 0.8 190 5713 60 33
11 97 0.8 191 26058 224 32
11 97 0.8 192 38246 96 31
11 97 0.8 193 2890 4 32
11 97 0.8 194 2059936 36748 30
11 97 0.8 195 27986 175 31
11 97 0.8 196 116072 216 31
11 97 0.8 197 56263 497 31
11 97 0.8 198 335668 3168 30
11 97 0.8 199 109275 1320 31
11 97 0.8 200 10160 104 32
11 97 0.8 201 387364 1998 30
11 97 0.8 202 495548 5876 31
11 97 0.8 203 2261642 37364 30
11 97 0.8 204 320600 4104 30
11 97 0.8 205 215221 1596 31
11 97 0.8 206 439808 4890 31
11 97 0.8 207 75812 516 31
11 97 0.8 208 9076 96 32
11 97 0.8 209 71895 923 32
11 97 0.8 210 123283 864 31
11 97 0.8 211 12708 168 33
11 97 0.8 212 920868 12708 30
11 97 0.8 213 325343 4804 31
11 97 0.8 214 154369 1920 31
11 97 0.8 215 223032 2632 30
11 97 0.8 216 2162677 30978 30
11 97 0.8 217 329756 5392 31
11 97 0.8 218 54292724 950113 29
11 97 0.8 219 259918 3856 31
11 97 0.8 220 34984 208 33
11 97 0.8 221 6448 48 33
11 97 0.8 222 20380 216 32
11 97 0.8 223 20377 175 32
11 97 0.8 224 181996 2034 30
11 97 0.8 225 142968 1176 32
11 97 0.8 226 65564 588 31
11 97 0.8 227 35404 480 32
11 97 0.8 228 32480 256 32
11 97 0.8 229 164797 1924 31
11 97 0.8 230 410858 6120 31
11 97 0.8 231 110661 498 32
11 97 0.8 232 2255168 25704 30
11 97 0.8 233 9955 92 32
11 97 0.8 234 53169 728 32
11 97 0.8 235 1124355 15939 31
11 97 0.8 236 1389408 26910 31
11 97 0.8 237 23400282 382248 29
11 97 0.8 238 1268544 18160 31
11 97 0.8 239 16432 141 32
11 97 0.8 240 5004701 78070 30
11 97 0.8 241 171420 1743 31
11 97 0.8 242 193679 1980 31
11 97 0.8 243 12146 98 33
11 97 0.8 244 19300 222 31
11 97 0.8 245 1252547 16650 30
11 97 0.8 246 52428 364 31
11 97 0.8 247 1821 18 33
11 97 0.8 248 202486 2348 32
11 97 0.8 249 3552 18 32
11 97 0.8 250 140870 1173 31
11 97 0.8 251 9057 108 33
11 97 0.8 252 766780 10368 31
11 97 0.8 253 1839 15 33
11 97 0.8 254 309292 3056 31
11 97 0.8 255 70851 660 32
11 97 0.8 256 185616 2226 31
11 97 0.8 257 2481 29 34
11 97 0.8 258 16069 195 33
11 97 0.8 259 1476 13 33
11 97 0.8 260 5685 55 34
11 97 0.8 261 55038 594 32
11 97 0.8 262 5984410 121732 30
11 97 0.8 263 101716 1176 31
11 97 0.8 264 8422 72 32
11 97 0.8 265 22213 231 33
11 97 0.8 266 115260 1692 30
11 97 0.8 267 1501456 16880 30
11 97 0.8 268 68530 820 32
11 97 0.8 269 247991 2498 31
11 97 0.8 270 174867 2156 31
11 97 0.8 271 3940 44 33
11 97 0.8 272 2629020 42440 30
11 97 0.8 273 869359 12060 31
11 97 0.8 274 331873 3684 32
11 97 0.8 275 988 8 32
11 97 0.8 276 616 4 34
11 97 0.8 277 479264 5580 30
11 97 0.8 278 145993 1821 32
11 97 0.8 279 77140 914 32
11 97 0.8 280 75410 920 31
11 97 0.8 281 19587215 387424 29
11 97 0.8 282 2877932 45792 31
11 97 0.8 283 4528 48 32
11 97 0.8 284 23395 228 32
11 97 0.8 285 3681183 62427 30
11 97 0.8 286 50621 570 32
11 97 0.8 287 1215365 18133 30
11 97 0.8 288 525266 7011 30
11 97 0.8 289 10052 117 32
11 97 0.8 290 175374 2052 31
11 97 0.8 291 401088 3328 30
11 97 0.8 292 350255 4713 31
11 97 0.8 293 57734 764 32
11 97 0.8 294 1236 9 33
11 97 0.8 295 183294 2776 31
11 97 0.8 296 1568321 22725 31
11 97 0.8 297 14418 78 31
11 97 0.8 298 22434 252 32
11 97 0.8 299 3080 34 34
11 97 0.8 300 185461 2756 32
11 97 0.8 301 12780 176 32
11 97 0.8 302 69380 892 32
11 97 0.8 303 1822730 32514 31
11 97 0.8 304 5625 27 33
11 97 0.8 305 103547 1008 31
11 97 0.8 306 2101364 20568 30
11 97 0.8 307 6871002 116332 30
11 97 0.8 308 52240 640 32
11 97 0.8 309 57664 690 31
11 97 0.8 310 48800 528 32
11 97 0.8 311 7750 72 33
11 97 0.8 312 1630411 22308 30
11 97 0.8 313 48664 604 33
11 97 0.8 314 7135 72 33
11 97 0.8 315 4296 48 34
11 97 0.8 316 1156182 14112 30
11 97 0.8 317 400818 4860 31
11 97 0.8 318 1512503 23970 31
11 97 0.8 319 989416 17228 30
11 97 0.8 320 93032 792 32
11 97 0.8 321 298450 3976 32
11 97 0.8 322 19109 112 32
11 97 0.8 323 5203 60 33
11 97 0.8 324 893 8 33
11 97 0.8 325 45386 496 32
11 97 0.8 326 515312 6048 30
11 97 0.8 327 41820 368 31
11 97 0.8 328 2110366 31113 30
11 97 0.8 329 52808 596 32
11 97 0.8 330 95962 1200 32
11 97 0.8 331 1797318 13900 29
11 97 0.8 332 15366 202 32
11 97 0.8 333 935559 13340 31
11 97 0.8 334 543512 9600 31
11 97 0.8 335 5629 60 32
11 97 0.8 336 627895 8190 32
11 97 0.8 337 13360 50 31
11 97 0.8 338 319908 3888 31
11 97 0.8 339 527481 7872 32
11 97 0.8 340 42654 288 31
11 97 0.8 341 59532 548 31
11 97 0.8 342 318816 1572 30
11 97 0.8 343 2776 12 32
11 97 0.8 344 5141924 75936 30
11 97 0.8 345 1209 6 32
11 97 0.8 346 23443885 267982 28
11 97 0.8 347 409738 5000 31
11 97 0.8 348 195430 2616 31
11 97 0.8 349 50386 580 32
11 97 0.8 350 9040 80 32
11 97 0.8 351 22808356 359164 29
11 97 0.8 352 2658117 28046 29
11 97 0.8 353 192998 3218 31
11 97 0.8 354 3789543 64774 29
11 97 0.8 355 805340 9216 31
11 97 0.8 356 51098167 1130100 30
11 97 0.8 357 2312 27 33
11 97 0.8 358 1956 16 32
11 97 0.8 359 1937086 32876 31
11 97 0.8 360 76248 360 31
11 97 0.8 361 17381 176 32
11 97 0.8 362 89469 1064 32
11 97 0.8 363 351 3 35
11 97 0.8 364 2437 24 33
11 97 0.8 365 650945 8970 30
11 97 0.8 366 1247202 21522 31
11 97 0.8 367 97932 252 31
11 97 0.8 368 221556 2392 32
11 97 0.8 369 570091 7884 31
11 97 0.8 370 199244 2736 31
11 97 0.8 371 13451 146 31
11 97 0.8 372 11442 106 31
11 97 0.8 373 1736 18 32
11 97 0.8 374 655993 10045 31
11 97 0.8 375 43976 558 32
11 97 0.8 376 16824 48 31
11 97 0.8 377 1226765 16224 30
11 97 0.8 378 213406 3216 31
11 97 0.8 379 456028 4272 31
11 97 0.8 380 66513 688 32
11 97 0.8 381 5340 36 31
11 97 0.8 382 327998 1468 31
11 97 0.8 383 474681 3476 30
11 97 0.8 384 22408 280 32
11 97 0.8 385 11566379 188994 30
11 97 0.8 386 38958 432 32
11 97 0.8 387 3636 36 34
11 97 0.8 388 66548 688 32
11 97 0.8 389 1526299 14490 29
11 97 0.8 390 1370736 17640 31
11 97 0.8 391 252108 1330 30
11 97 0.8 392 5072 60 33
11 97 0.8 393 3650700 56536 29
11 97 0.8 394 952 9 34
11 97 0.8 395 50058 384 32
11 97 0.8 396 139731 1602 32
11 97 0.8 397 5060 46 32
11 97 0.8 398 1195 9 33
11 97 0.8 399 113312 1024 31
11 97 0.8 400 19756 216 32
11 97 0.8 401 1276132 13152 30
11 97 0.8 402 287990 3479 31
11 97 0.8 403 3864 37 33
11 97 0.8 404 302638 2932 31
11 97 0.8 405 124745 1647 32
11 97 0.8 406 10868 76 32
11 97 0.8 407 37533 466 32
11 97 0.8 408 1164760 17472 30
11 97 0.8 409 3061049 21663 29
11 97 0.8 410 2463 22 33
11 97 0.8 411 2064662 26712 30
11 97 0.8 412 121567 1530 32
11 97 0.8 413 1389062 17760 30
11 97 0.8 414 50552 486 32
11 97 0.8 415 44043 408 32
11 97 0.8 416 11663 129 32
11 97 0.8 417 702606 8610 31
11 97 0.8 418 240750 3568 31
11 97 0.8 419 73562 684 31
11 97 0.8 420 5716275 93246 30
11 97 0.8 421 348621 5078 32
11 97 0.8 422 23467 280 32
11 97 0.8 423 3545648 49950 30
11 97 0.8 424 109902 1020 30
11 97 0.8 425 5608566 96732 30
11 97 0.8 426 125772 1216 31
11 97 0.8 427 61994 40 32
11 97 0.8 428 22088 224 31
11 97 0.8 429 1639701 29538 30
11 97 0.8 430 95029 173 31
11 97 0.8 431 29740 232 32
11 97 0.8 432 32288 448 31
11 97 0.8 433 333880 4919 31
11 97 0.8 434 40316 489 32
11 97 0.8 435 54304 598 32
11 97 0.8 436 631396 8992 31
11 97 0.8 437 24938118 459432 30
11 97 0.8 438 167976 1476 30
11 97 0.8 439 26718 46 32
11 97 0.8 440 5672 48 33
11 97 0.8 441 9455 97 32
11 97 0.8 442 34791 442 33
11 97 0.8 443 18542 144 32
11 97 0.8 444 12268 115 33
11 97 0.8 445 39008 448 33
11 97 0.8 446 178070 1860 31
11 97 0.8 447 2626653 38502 30
11 97 0.8 448 2696 24 32
11 97 0.8 449 91215 1242 32
11 97 0.8 450 188548 2134 31
11 97 0.8 451 1420841 21234 30
11 97 0.8 452 1076 4 32
11 97 0.8 453 153920 2040 32
11 97 0.8 454 52088 660 32
11 97 0.8 455 6202 60 32
11 97 0.8 456 751797 9880 30
11 97 0.8 457 8618 104 33
11 97 0.8 458 7847 66 32
11 97 0.8 459 104775 1098 31
11 97 0.8 460 31086 400 33
11 97 0.8 461 4515 51 32
11 97 0.8 462 1761 14 34
11 97 0.8 463 1433439 22089 30
11 97 0.8 464 2073235 36384 31
11 97 0.8 465 2564 24 33
11 97 0.8 466 15605 30 30
11 97 0.8 467 51940 512 31
11 97 0.8 468 29520 352 32
11 97 0.8 469 1138798 14256 30
11 97 0.8 470 1197958 18172 31
11 97 0.8 471 1045121 16872 31
11 97 0.8 472 4125776 9024 29
11 97 0.8 473 10200 24 32
11 97 0.8 474 23634 276 33
11 97 0.8 475 28474 112 32
11 97 0.8 476 1851 18 33
11 97 0.8 477 2662 24 33
11 97 0.8 478 98012 1015 32
11 97 0.8 479 1028103 12823 30
11 97 0.8 480 15128 200 32
11 97 0.8 481 63052 880 32
11 97 0.8 482 1074485 17864 31
11 97 0.8 483 187728 2624 31
11 97 0.8 484 10600 20 31
11 97 0.8 485 1280 16 33
11 97 0.8 486 387176 5423 31
11 97 0.8 487 458994 3698 31
11 97 0.8 488 404358 5872 31
11 97 0.8 489 11364 88 32
11 97 0.8 490 23326 270 32
11 97 0.8 491 617919 9670 32
11 97 0.8 492 7166574 89550 29
11 97 0.8 493 479921 6560 32
11 97 0.8 494 5023 51 32
11 97 0.8 495 8634 98 33
11 97 0.8 496 21638 216 32
11 97 0.8 497 121543 1295 31
11 97 0.8 498 183588 2624 32
11 97 0.8 499 9953 105 33
11 97 0.8 500 9817 96 32
11 97 0.8 501 14628.0 140.0 33
11 97 0.8 502 25576.0 344.0 33
11 97 0.8 503 15856.0 96.0 31
11 97 0.8 504 250351.0 3357.0 30
11 97 0.8 505 205953.0 2544.0 31
11 97 0.8 506 1.135671e6 13260.0 30
11 97 0.8 507 67984.0 780.0 32
11 97 0.8 508 101928.0 1408.0 32
11 97 0.8 509 1.154811e6 17127.0 30
11 97 0.8 510 6820.0 56.0 32
11 97 0.8 511 19420.0 192.0 32
11 97 0.8 512 1.978664e6 27756.0 30
11 97 0.8 513 97294.0 1312.0 33
11 97 0.8 514 7265.0 60.0 32
11 97 0.8 515 105001.0 1500.0 32
11 97 0.8 516 93930.0 875.0 31
11 97 0.8 517 48738.0 540.0 32
11 97 0.8 518 302608.0 4424.0 31
11 97 0.8 519 80574.0 1144.0 31
11 97 0.8 520 14004.0 70.0 32
11 97 0.8 521 229914.0 2724.0 31
11 97 0.8 522 218802.0 2020.0 31
11 97 0.8 523 423531.0 4788.0 31
11 97 0.8 524 812476.0 9376.0 30
11 97 0.8 525 936777.0 14978.0 31
11 97 0.8 526 729971.0 9684.0 31
11 97 0.8 527 7496.0 88.0 33
11 97 0.8 528 65661.0 420.0 32
11 97 0.8 529 21069.0 216.0 33
11 97 0.8 530 406804.0 5638.0 31
11 97 0.8 531 180474.0 2004.0 31
11 97 0.8 532 1118.0 10.0 34
11 97 0.8 533 5457.0 18.0 32
11 97 0.8 534 180858.0 2196.0 31
11 97 0.8 535 14636.0 100.0 32
11 97 0.8 536 384746.0 5714.0 31
11 97 0.8 537 10417.0 66.0 31
11 97 0.8 538 127014.0 1800.0 31
11 97 0.8 539 317100.0 4784.0 32
11 97 0.8 540 56786.0 224.0 32
11 97 0.8 541 2412.0 21.0 32
11 97 0.8 542 392340.0 702.0 31
11 97 0.8 543 4892.0 24.0 31
11 97 0.8 544 8344.0 16.0 32
11 97 0.8 545 39760.0 400.0 31
11 97 0.8 546 110275.0 1482.0 32
11 97 0.8 547 138976.0 1296.0 30
11 97 0.8 548 3.449676e6 53136.0 30
11 97 0.8 549 164392.0 1508.0 31
11 97 0.8 550 17152.0 142.0 33
11 97 0.8 551 34300.0 417.0 33
11 97 0.8 552 1.859112e6 8064.0 30
11 97 0.8 553 6722.0 72.0 33
11 97 0.8 554 2548.0 24.0 34
11 97 0.8 555 2584.0 24.0 33
11 97 0.8 556 286907.0 2512.0 31
11 97 0.8 557 84740.0 1008.0 32
11 97 0.8 558 526322.0 7810.0 31
11 97 0.8 559 130099.0 1320.0 31
11 97 0.8 560 570880.0 6212.0 31
11 97 0.8 561 58193.0 840.0 32
11 97 0.8 562 297380.0 2740.0 30
11 97 0.8 563 1.338042e6 17574.0 31
11 97 0.8 564 41939.0 456.0 31
11 97 0.8 565 2548.0 24.0 33
11 97 0.8 566 1.828124e6 26264.0 30
11 97 0.8 567 1919.0 20.0 34
11 97 0.8 568 379952.0 4032.0 31
11 97 0.8 569 2.013595e6 30392.0 30
11 97 0.8 570 65562.0 792.0 32
11 97 0.8 571 16984.0 30.0 32
11 97 0.8 572 15280.0 96.0 31
11 97 0.8 573 522277.0 8304.0 31
11 97 0.8 574 697410.0 10530.0 30
11 97 0.8 575 22412.0 36.0 31
11 97 0.8 576 55836.0 784.0 31
11 97 0.8 577 9853.0 87.0 33
11 97 0.8 578 38742.0 453.0 32
11 97 0.8 579 206038.0 2808.0 32
11 97 0.8 580 560397.0 8029.0 31
11 97 0.8 581 43584.0 576.0 32
11 97 0.8 582 386848.0 2856.0 30
11 97 0.8 583 28840.0 384.0 31
11 97 0.8 584 1.169294e7 191676.0 28
11 97 0.8 585 31359.0 294.0 32
11 97 0.8 586 2682.0 12.0 32
11 97 0.8 587 1.222952e6 14456.0 30
11 97 0.8 588 1731.0 12.0 33
11 97 0.8 589 1.067116e6 17384.0 31
11 97 0.8 590 44441.0 393.0 31
11 97 0.8 591 2288.0 22.0 33
11 97 0.8 592 9605.0 102.0 33
11 97 0.8 593 2260.0 16.0 33
11 97 0.8 594 42170.0 570.0 32
11 97 0.8 595 213294.0 2862.0 32
11 97 0.8 596 15211.0 166.0 34
11 97 0.8 597 50096.0 598.0 32
11 97 0.8 598 21287.0 180.0 32
11 97 0.8 599 229040.0 3480.0 31
11 97 0.8 600 2.143423e6 19344.0 30
11 97 0.8 601 3897.0 30.0 32
11 97 0.8 602 2.188958e6 27368.0 30
11 97 0.8 603 147128.0 1936.0 31
11 97 0.8 604 3.206244e6 53644.0 30
11 97 0.8 605 12639.0 146.0 32
11 97 0.8 606 40150.0 288.0 31
11 97 0.8 607 65102.0 132.0 30
11 97 0.8 608 3492.0 32.0 32
11 97 0.8 609 193322.0 2220.0 32
11 97 0.8 610 2119.0 20.0 34
11 97 0.8 611 678268.0 7096.0 31
11 97 0.8 612 453483.0 3990.0 31
11 97 0.8 613 33996.0 348.0 32
11 97 0.8 614 3720.0 45.0 34
11 97 0.8 615 127955.0 1110.0 31
11 97 0.8 616 7308.0 64.0 33
11 97 0.8 617 20272.0 238.0 33
11 97 0.8 618 413158.0 6228.0 31
11 97 0.8 619 139916.0 1520.0 30
11 97 0.8 620 93524.0 1088.0 31
11 97 0.8 621 121300.0 1032.0 31
11 97 0.8 622 135379.0 1512.0 32
11 97 0.8 623 2.001716e6 23820.0 30
11 97 0.8 624 126637.0 1372.0 32
11 97 0.8 625 93155.0 966.0 31
11 97 0.8 626 6828.0 26.0 32
11 97 0.8 627 90134.0 1128.0 32
11 97 0.8 628 63266.0 594.0 32
11 97 0.8 629 1.142421e6 16926.0 30
11 97 0.8 630 52872.0 588.0 32
11 97 0.8 631 108719.0 784.0 31
11 97 0.8 632 552248.0 7500.0 31
11 97 0.8 633 334801.0 3132.0 30
11 97 0.8 634 331142.0 4420.0 31
11 97 0.8 635 33742.0 360.0 33
11 97 0.8 636 33774.0 390.0 33
11 97 0.8 637 1605.0 15.0 34
11 97 0.8 638 70812.0 757.0 31
11 97 0.8 639 1.030026e6 15010.0 30
11 97 0.8 640 64796.0 908.0 32
11 97 0.8 641 1.424548e6 13728.0 30
11 97 0.8 642 1091.0 12.0 34
11 97 0.8 643 107645.0 1532.0 31
11 97 0.8 644 51817.0 624.0 32
11 97 0.8 645 2840.0 12.0 32
11 97 0.8 646 130214.0 1728.0 31
11 97 0.8 647 3.172411e6 58492.0 31
11 97 0.8 648 867.0 6.0 33
11 97 0.8 649 114344.0 1344.0 32
11 97 0.8 650 868467.0 10880.0 30
11 97 0.8 651 3396.0 32.0 33
11 97 0.8 652 145554.0 1920.0 31
11 97 0.8 653 5165.0 30.0 32
11 97 0.8 654 1.408281e6 17964.0 31
11 97 0.8 655 2721.0 18.0 32
11 97 0.8 656 9978.0 90.0 32
11 97 0.8 657 17530.0 36.0 31
11 97 0.8 658 3036.0 30.0 33
11 97 0.8 659 5.083853e6 80717.0 30
11 97 0.8 660 56728.0 832.0 32
11 97 0.8 661 560562.0 5648.0 30
11 97 0.8 662 334632.0 3921.0 31
11 97 0.8 663 2611.0 32.0 33
11 97 0.8 664 185644.0 2124.0 31
11 97 0.8 665 30400.0 240.0 31
11 97 0.8 666 33187.0 366.0 31
11 97 0.8 667 13096.0 144.0 33
11 97 0.8 668 1139.0 6.0 33
11 97 0.8 669 431804.0 6330.0 31
11 97 0.8 670 269178.0 3456.0 31
11 97 0.8 671 465516.0 4966.0 30
11 97 0.8 672 13361.0 147.0 33
11 97 0.8 673 2827.0 18.0 32
11 97 0.8 674 475166.0 5540.0 30
11 97 0.8 675 4914.0 28.0 32
11 97 0.8 676 10436.0 76.0 32
11 97 0.8 677 435249.0 3018.0 30
11 97 0.8 678 3.7503794e7 683700.0 29
11 97 0.8 679 14360.0 100.0 33
11 97 0.8 680 134692.0 760.0 30
11 97 0.8 681 2.717216e6 48126.0 30
11 97 0.8 682 104560.0 1248.0 32
11 97 0.8 683 23832.0 218.0 33
11 97 0.8 684 3.383715e6 52981.0 30
11 97 0.8 685 91572.0 825.0 31
11 97 0.8 686 82302.0 1080.0 32
11 97 0.8 687 2.284901e6 22728.0 30
11 97 0.8 688 2.006682e6 33432.0 31
11 97 0.8 689 1.363637e6 16110.0 30
11 97 0.8 690 380196.0 3978.0 30
11 97 0.8 691 27527.0 30.0 30
11 97 0.8 692 690828.0 8364.0 30
11 97 0.8 693 159070.0 1264.0 30
11 97 0.8 694 155387.0 1512.0 31
11 97 0.8 695 81761.0 855.0 31
11 97 0.8 696 767916.0 7200.0 30
11 97 0.8 697 421114.0 3536.0 30
11 97 0.8 698 270558.0 3150.0 30
11 97 0.8 699 83926.0 833.0 32
11 97 0.8 700 1.650351e6 19754.0 30
11 97 0.8 701 127067.0 1615.0 31
11 97 0.8 702 28130.0 312.0 32
11 97 0.8 703 56392.0 576.0 32
11 97 0.8 704 358045.0 6354.0 31
11 97 0.8 705 13873.0 165.0 32
11 97 0.8 706 13218.0 120.0 32
11 97 0.8 707 188967.0 2475.0 32
11 97 0.8 708 36417.0 468.0 32
11 97 0.8 709 148842.0 1980.0 30
11 97 0.8 710 259350.0 2624.0 31
11 97 0.8 711 17358.0 216.0 32
11 97 0.8 712 2.279476e6 35704.0 31
11 97 0.8 713 115920.0 844.0 31
11 97 0.8 714 4093.0 42.0 33
11 97 0.8 715 199310.0 2496.0 31
11 97 0.8 716 249746.0 3336.0 31
11 97 0.8 717 28591.0 296.0 33
11 97 0.8 718 54564.0 660.0 33
11 97 0.8 719 125054.0 1760.0 32
11 97 0.8 720 1.0377842e7 173664.0 30
11 97 0.8 721 98862.0 1160.0 31
11 97 0.8 722 49870.0 636.0 32
11 97 0.8 723 80983.0 568.0 32
11 97 0.8 724 33021.0 426.0 31
11 97 0.8 725 381261.0 5540.0 31
11 97 0.8 726 5.178152e6 83406.0 30
11 97 0.8 727 90282.0 1188.0 32
11 97 0.8 728 32108.0 360.0 31
11 97 0.8 729 776070.0 9494.0 31
11 97 0.8 730 282132.0 2304.0 31
11 97 0.8 731 87897.0 958.0 31
11 97 0.8 732 920612.0 12696.0 31
11 97 0.8 733 136160.0 1624.0 31
11 97 0.8 734 20042.0 132.0 32
11 97 0.8 735 488970.0 5176.0 30
11 97 0.8 736 24506.0 252.0 32
11 97 0.8 737 9300.0 70.0 33
11 97 0.8 738 3159.0 12.0 32
11 97 0.8 739 600130.0 8040.0 30
11 97 0.8 740 328671.0 3482.0 30
11 97 0.8 741 16702.0 68.0 31
11 97 0.8 742 621962.0 9536.0 32
11 97 0.8 743 594359.0 9174.0 31
11 97 0.8 744 20751.0 246.0 33
11 97 0.8 745 441200.0 5792.0 30
11 97 0.8 746 5.468832e6 84628.0 29
11 97 0.8 747 28554.0 156.0 32
11 97 0.8 748 107534.0 1388.0 31
11 97 0.8 749 17273.0 128.0 32
11 97 0.8 750 269902.0 3760.0 31
11 97 0.8 751 1.684794e6 22509.0 30
11 97 0.8 752 91332.0 848.0 30
11 97 0.8 753 2.08593e6 29948.0 31
11 97 0.8 754 147881.0 1512.0 31
11 97 0.8 755 612074.0 5196.0 30
11 97 0.8 756 1.342742e6 19953.0 30
11 97 0.8 757 119240.0 1200.0 31
11 97 0.8 758 130792.0 980.0 31
11 97 0.8 759 246542.0 2782.0 31
11 97 0.8 760 682.0 6.0 33
11 97 0.8 761 35128.0 448.0 33
11 97 0.8 762 16558.0 168.0 32
11 97 0.8 763 16128.0 162.0 32
11 97 0.8 764 2168.0 24.0 32
11 97 0.8 765 14521.0 132.0 31
11 97 0.8 766 5079.0 66.0 33
11 97 0.8 767 1.564817e6 25026.0 30
11 97 0.8 768 2.658414e6 39924.0 30
11 97 0.8 769 128268.0 1308.0 31
11 97 0.8 770 1.853822e6 20048.0 30
11 97 0.8 771 62892.0 934.0 32
11 97 0.8 772 321136.0 3840.0 31
11 97 0.8 773 115524.0 1356.0 31
11 97 0.8 774 127996.0 1782.0 31
11 97 0.8 775 4200.0 32.0 32
11 97 0.8 776 474955.0 5456.0 30
11 97 0.8 777 355870.0 3156.0 30
11 97 0.8 778 582056.0 3924.0 30
11 97 0.8 779 127004.0 604.0 31
11 97 0.8 780 45192.0 536.0 33
11 97 0.8 781 150789.0 2328.0 32
11 97 0.8 782 25716.0 288.0 32
11 97 0.8 783 5742.0 56.0 34
11 97 0.8 784 49505.0 544.0 32
11 97 0.8 785 47544.0 594.0 32
11 97 0.8 786 41472.0 240.0 31
11 97 0.8 787 7.003976e6 113420.0 30
11 97 0.8 788 2.175896e6 21848.0 30
11 97 0.8 789 28232.0 336.0 32
11 97 0.8 790 787178.0 11008.0 31
11 97 0.8 791 71484.0 768.0 32
11 97 0.8 792 163340.0 1984.0 32
11 97 0.8 793 30791.0 18.0 31
11 97 0.8 794 133240.0 1656.0 31
11 97 0.8 795 4187.0 42.0 33
11 97 0.8 796 7882.0 50.0 32
11 97 0.8 797 2.027764e6 25428.0 29
11 97 0.8 798 165490.0 1860.0 30
11 97 0.8 799 1.315854e6 17040.0 30
11 97 0.8 800 25189.0 224.0 32
11 97 0.8 801 162778.0 2080.0 32
11 97 0.8 802 135416.0 1232.0 30
11 97 0.8 803 225572.0 448.0 30
11 97 0.8 804 25619.0 266.0 32
11 97 0.8 805 144124.0 1680.0 31
11 97 0.8 806 309383.0 4608.0 31
11 97 0.8 807 1.851604e6 25380.0 30
11 97 0.8 808 1.529568e6 22728.0 30
11 97 0.8 809 56574.0 664.0 32
11 97 0.8 810 11198.0 120.0 33
11 97 0.8 811 586611.0 8453.0 31
11 97 0.8 812 4476.0 38.0 32
11 97 0.8 813 34011.0 446.0 32
11 97 0.8 814 1.2390393e7 129132.0 29
11 97 0.8 815 29636.0 24.0 31
11 97 0.8 816 240119.0 2560.0 31
11 97 0.8 817 1.732854e6 26264.0 31
11 97 0.8 818 379869.0 4670.0 31
11 97 0.8 819 340518.0 4404.0 31
11 97 0.8 820 35974.0 260.0 32
11 97 0.8 821 220260.0 2395.0 31
11 97 0.8 822 13342.0 128.0 32
11 97 0.8 823 766448.0 10176.0 30
11 97 0.8 824 544582.0 8190.0 32
11 97 0.8 825 1324.0 6.0 31
11 97 0.8 826 1.861364e6 29600.0 30
11 97 0.8 827 13238.0 140.0 33
11 97 0.8 828 4.700085e6 83400.0 30
11 97 0.8 829 57400.0 496.0 30
11 97 0.8 830 7113.0 99.0 33
11 97 0.8 831 2369.0 18.0 33
11 97 0.8 832 17527.0 201.0 33
11 97 0.8 833 272078.0 3716.0 31
11 97 0.8 834 5.273706e6 87087.0 30
11 97 0.8 835 4903.0 46.0 33
11 97 0.8 836 283928.0 3904.0 32
11 97 0.8 837 283707.0 3413.0 31
11 97 0.8 838 131988.0 1464.0 31
11 97 0.8 839 647614.0 8653.0 30
11 97 0.8 840 17964.0 240.0 32
11 97 0.8 841 2132.0 16.0 33
11 97 0.8 842 455284.0 6392.0 31
11 97 0.8 843 29924.0 336.0 32
11 97 0.8 844 448033.0 7908.0 32
11 97 0.8 845 418589.0 4060.0 31
11 97 0.8 846 294182.0 1100.0 31
11 97 0.8 847 539568.0 4576.0 31
11 97 0.8 848 4736.0 48.0 33
11 97 0.8 849 41595.0 444.0 33
11 97 0.8 850 109145.0 1386.0 31
11 97 0.8 851 10106.0 84.0 32
11 97 0.8 852 150262.0 716.0 31
11 97 0.8 853 235239.0 2048.0 31
11 97 0.8 854 19303.0 208.0 32
11 97 0.8 855 10472.0 48.0 33
11 97 0.8 856 5310.0 36.0 31
11 97 0.8 857 200216.0 2216.0 31
11 97 0.8 858 87036.0 654.0 31
11 97 0.8 859 11940.0 126.0 32
11 97 0.8 860 41768.0 472.0 32
11 97 0.8 861 3.808825e6 40996.0 29
11 97 0.8 862 27822.0 220.0 32
11 97 0.8 863 578335.0 5566.0 31
11 97 0.8 864 537674.0 4356.0 30
11 97 0.8 865 15912.0 192.0 31
11 97 0.8 866 272963.0 4017.0 30
11 97 0.8 867 451068.0 7632.0 32
11 97 0.8 868 15419.0 174.0 33
11 97 0.8 869 76645.0 996.0 32
11 97 0.8 870 11566.0 135.0 33
11 97 0.8 871 1.506337e6 25683.0 31
11 97 0.8 872 83885.0 971.0 32
11 97 0.8 873 29288.0 74.0 31
11 97 0.8 874 971688.0 12674.0 30
11 97 0.8 875 23608.0 216.0 31
11 97 0.8 876 41646.0 384.0 32
11 97 0.8 877 95538.0 1215.0 31
11 97 0.8 878 9.208697e6 125514.0 30
11 97 0.8 879 63593.0 882.0 32
11 97 0.8 880 262353.0 2790.0 31
11 97 0.8 881 13158.0 66.0 32
11 97 0.8 882 547131.0 5646.0 30
11 97 0.8 883 149264.0 2208.0 32
11 97 0.8 884 23241.0 234.0 33
11 97 0.8 885 245629.0 3600.0 32
11 97 0.8 886 11653.0 150.0 33
11 97 0.8 887 13532.0 144.0 32
11 97 0.8 888 6772.0 60.0 31
11 97 0.8 889 212934.0 2516.0 31
11 97 0.8 890 23364.0 264.0 33
11 97 0.8 891 124752.0 1536.0 32
11 97 0.8 892 1.4008787e7 225180.0 30
11 97 0.8 893 486988.0 6000.0 29
11 97 0.8 894 364858.0 4664.0 31
11 97 0.8 895 1334.0 8.0 33
11 97 0.8 896 882188.0 8400.0 30
11 97 0.8 897 12200.0 123.0 33
11 97 0.8 898 506796.0 2358.0 30
11 97 0.8 899 109432.0 1374.0 32
11 97 0.8 900 32247.0 152.0 32
11 97 0.8 901 582.0 4.0 34
11 97 0.8 902 64218.0 792.0 32
11 97 0.8 903 554371.0 4692.0 30
11 97 0.8 904 330904.0 4680.0 31
11 97 0.8 905 125734.0 1487.0 31
11 97 0.8 906 5182.0 36.0 32
11 97 0.8 907 40706.0 382.0 31
11 97 0.8 908 30432.0 201.0 31
11 97 0.8 909 1.6182907e7 251418.0 29
11 97 0.8 910 1.86398e6 25964.0 30
11 97 0.8 911 14232.0 168.0 33
11 97 0.8 912 1704.0 16.0 33
11 97 0.8 913 39352.0 418.0 32
11 97 0.8 914 275257.0 1538.0 31
11 97 0.8 915 502680.0 5704.0 30
11 97 0.8 916 114352.0 1024.0 32
11 97 0.8 917 6586.0 52.0 32
11 97 0.8 918 23861.0 228.0 32
11 97 0.8 919 230120.0 3300.0 31
11 97 0.8 920 558464.0 8800.0 31
11 97 0.8 921 77675.0 821.0 31
11 97 0.8 922 143405.0 1830.0 31
11 97 0.8 923 335132.0 3072.0 30
11 97 0.8 924 3540.0 20.0 32
11 97 0.8 925 4.707279e6 78706.0 31
11 97 0.8 926 1.4882076e7 195744.0 29
11 97 0.8 927 332874.0 4914.0 31
11 97 0.8 928 461510.0 4809.0 30
11 97 0.8 929 6.418138e6 91980.0 30
11 97 0.8 930 4.796841e6 81674.0 29
11 97 0.8 931 2376.0 24.0 33
11 97 0.8 932 111801.0 1408.0 31
11 97 0.8 933 1.714321e6 28942.0 31
11 97 0.8 934 1.846575e7 302994.0 29
11 97 0.8 935 5484.0 48.0 32
11 97 0.8 936 264338.0 612.0 31
11 97 0.8 937 1.06186e6 16066.0 31
11 97 0.8 938 480483.0 7714.0 32
11 97 0.8 939 2118.0 12.0 33
11 97 0.8 940 2778.0 27.0 33
11 97 0.8 941 887020.0 9172.0 30
11 97 0.8 942 21078.0 216.0 32
11 97 0.8 943 2126.0 14.0 33
11 97 0.8 944 4412.0 40.0 34
11 97 0.8 945 2.609529e6 44328.0 31
11 97 0.8 946 147112.0 1980.0 31
11 97 0.8 947 123773.0 1464.0 32
11 97 0.8 948 1.164617e6 15060.0 30
11 97 0.8 949 441296.0 6200.0 31
11 97 0.8 950 10432.0 96.0 33
11 97 0.8 951 1.4052594e7 278617.0 30
11 97 0.8 952 143758.0 792.0 31
11 97 0.8 953 14929.0 165.0 33
11 97 0.8 954 1474.0 8.0 33
11 97 0.8 955 58648.0 684.0 32
11 97 0.8 956 68694.0 592.0 31
11 97 0.8 957 219176.0 1296.0 29
11 97 0.8 958 100312.0 1116.0 31
11 97 0.8 959 393680.0 5224.0 31
11 97 0.8 960 1.26478e6 11104.0 30
11 97 0.8 961 32203.0 432.0 32
11 97 0.8 962 98615.0 360.0 31
11 97 0.8 963 1.309464e6 17373.0 31
11 97 0.8 964 78260.0 744.0 31
11 97 0.8 965 4060.0 42.0 33
11 97 0.8 966 2340.0 24.0 33
11 97 0.8 967 36752.0 414.0 33
11 97 0.8 968 6960.0 60.0 32
11 97 0.8 969 43863.0 558.0 33
11 97 0.8 970 47980.0 592.0 33
11 97 0.8 971 383812.0 3504.0 30
11 97 0.8 972 866034.0 10296.0 30
11 97 0.8 973 122635.0 1548.0 32
11 97 0.8 974 15030.0 148.0 32
11 97 0.8 975 509730.0 4428.0 30
11 97 0.8 976 711840.0 8124.0 30
11 97 0.8 977 286610.0 3309.0 30
11 97 0.8 978 18442.0 196.0 32
11 97 0.8 979 61080.0 640.0 32
11 97 0.8 980 696114.0 7900.0 30
11 97 0.8 981 118765.0 1566.0 32
11 97 0.8 982 5000.0 47.0 33
11 97 0.8 983 2184.0 18.0 32
11 97 0.8 984 179610.0 2340.0 32
11 97 0.8 985 83565.0 248.0 31
11 97 0.8 986 264885.0 3824.0 31
11 97 0.8 987 42586.0 188.0 31
11 97 0.8 988 567140.0 5928.0 30
11 97 0.8 989 210512.0 2516.0 31
11 97 0.8 990 19030.0 216.0 32
11 97 0.8 991 359940.0 360.0 30
11 97 0.8 992 1.571528e6 18824.0 30
11 97 0.8 993 16664.0 200.0 32
11 97 0.8 994 8934.0 90.0 33
11 97 0.8 995 3412.0 32.0 33
11 97 0.8 996 8510.0 48.0 31
11 97 0.8 997 11392.0 84.0 31
11 97 0.8 998 172651.0 548.0 30
11 97 0.8 999 4.03403e6 16084.0 29
11 97 0.8 1000 149482.0 1558.0 31
