L N d seed D_(MIS-1) D_MIS MIS
13 135 0.8 0 8861079 56851 42
13 135 0.8 1 45549222 443875 41
13 135 0.8 2 153222 528 43
13 135 0.8 3 1665522 12936 44
13 135 0.8 4 17191 105 45
13 135 0.8 5 3679126 26188 43
13 135 0.8 6 3166650 29684 43
13 135 0.8 7 7539787 72219 42
13 135 0.8 8 454954614 5406306 42
13 135 0.8 9 176330 98 44
13 135 0.8 10 74360 300 43
13 135 0.8 11 4140210 14688 43
13 135 0.8 12 1267752 4472 43
13 135 0.8 13 286032 2142 44
13 135 0.8 14 1079046 9628 42
13 135 0.8 15 51441627 437616 42
13 135 0.8 16 125916 384 44
13 135 0.8 17 17285 123 45
13 135 0.8 18 1044554 5580 43
13 135 0.8 19 450016 640 43
13 135 0.8 20 144383 930 44
13 135 0.8 21 8658120 42532 41
13 135 0.8 22 10823574 85618 42
13 135 0.8 23 78126520 782176 42
13 135 0.8 24 13044864 110180 41
13 135 0.8 25 222022 1878 43
13 135 0.8 26 355584 2880 45
13 135 0.8 27 667224 4320 44
13 135 0.8 28 4050018 36048 43
13 135 0.8 29 987643 6689 43
13 135 0.8 30 6737000 61764 42
13 135 0.8 31 9275148 82080 43
13 135 0.8 32 304630 2342 44
13 135 0.8 33 542 2 44
13 135 0.8 34 438076 2820 43
13 135 0.8 35 112996738 1073084 41
13 135 0.8 36 13147 54 45
13 135 0.8 37 2125327 16770 44
13 135 0.8 38 5151 36 46
13 135 0.8 39 350494680 4652568 41
13 135 0.8 40 9319118 101792 42
13 135 0.8 41 74310908 650928 42
13 135 0.8 42 4699324 41688 43
13 135 0.8 43 77992 528 45
13 135 0.8 44 1396992 6264 42
13 135 0.8 45 645532 4800 43
13 135 0.8 46 19772146 146952 42
13 135 0.8 47 1000736 7448 44
13 135 0.8 48 78106 640 45
13 135 0.8 49 908124 7456 43
13 135 0.8 50 483024 1267 43
13 135 0.8 51 70197 540 45
13 135 0.8 52 95161968 829328 42
13 135 0.8 53 81042646 818514 41
13 135 0.8 54 5632176 29244 42
13 135 0.8 55 1121187 5328 42
13 135 0.8 56 77370 432 44
13 135 0.8 57 285409020 2851696 41
13 135 0.8 58 8698806 48540 42
13 135 0.8 59 11902937 109554 42
13 135 0.8 60 22588 156 45
13 135 0.8 61 343654 1260 43
13 135 0.8 62 2013969 11202 43
13 135 0.8 63 638447 2790 43
13 135 0.8 64 18777578 162780 43
13 135 0.8 65 16871515 139276 43
13 135 0.8 66 141672 1071 44
13 135 0.8 67 12152 96 44
13 135 0.8 68 2398061 19942 43
13 135 0.8 69 176711 1350 43
13 135 0.8 70 217050 1384 43
13 135 0.8 71 18192748 161118 42
13 135 0.8 72 1083794 6912 43
13 135 0.8 73 1788064 13160 43
13 135 0.8 74 410445 945 43
13 135 0.8 75 2266462 13944 43
13 135 0.8 76 260140 1536 42
13 135 0.8 77 2624472 23436 44
13 135 0.8 78 17944112 191584 42
13 135 0.8 79 7482 54 45
13 135 0.8 80 2709126 15516 42
13 135 0.8 81 10661404 107160 42
13 135 0.8 82 772378 5448 42
13 135 0.8 83 249457 1350 43
13 135 0.8 84 11765304 70860 42
13 135 0.8 85 2600984 20640 42
13 135 0.8 86 36024 144 44
13 135 0.8 87 227187 1791 45
13 135 0.8 88 6668 44 45
13 135 0.8 89 1202568 6624 42
13 135 0.8 90 17546912 155496 42
13 135 0.8 91 8114211 71978 42
13 135 0.8 92 2261606 12450 43
13 135 0.8 93 1514911 15660 44
13 135 0.8 94 36424684 345768 42
13 135 0.8 95 1872642 14832 42
13 135 0.8 96 17006665 163116 42
13 135 0.8 97 351132 2439 44
13 135 0.8 98 366562 2448 44
13 135 0.8 99 310124 1974 44
13 135 0.8 100 274904 2464 45
13 135 0.8 101 668704 3840 43
13 135 0.8 102 20246 18 43
13 135 0.8 103 2419608 15808 42
13 135 0.8 104 1696929 9522 44
13 135 0.8 105 301080 2656 44
13 135 0.8 106 5712282 30400 42
13 135 0.8 107 2519274 19080 42
13 135 0.8 108 30304 192 44
13 135 0.8 109 974767 7628 44
13 135 0.8 110 392054 2278 44
13 135 0.8 111 523920 3996 43
13 135 0.8 112 14726072 143630 43
13 135 0.8 113 1794909 18315 44
13 135 0.8 114 17154512 74908 41
13 135 0.8 115 850392 7695 43
13 135 0.8 116 284017 2210 44
13 135 0.8 117 16908 36 44
13 135 0.8 118 1291020 11232 43
13 135 0.8 119 18002 90 44
13 135 0.8 120 6437694 17472 41
13 135 0.8 121 3341265 31115 44
13 135 0.8 122 32608 230 45
13 135 0.8 123 190836744 1995440 41
13 135 0.8 124 567900 336 43
13 135 0.8 125 35436326 182925 41
13 135 0.8 126 4783600 25308 41
13 135 0.8 127 4052128 25616 42
13 135 0.8 128 38566 156 44
13 135 0.8 129 116595824 1242378 42
13 135 0.8 130 552038 1564 43
13 135 0.8 131 1405404 2056 42
13 135 0.8 132 42230223 434850 42
13 135 0.8 133 1938028 14032 43
13 135 0.8 134 2369510 880 43
13 135 0.8 135 300668 1660 43
13 135 0.8 136 158000 368 43
13 135 0.8 137 78488 240 43
13 135 0.8 138 118454 1008 44
13 135 0.8 139 13358946 126792 43
13 135 0.8 140 14949967 130824 42
13 135 0.8 141 2293588878 23127180 40
13 135 0.8 142 28776 160 44
13 135 0.8 143 44495 264 44
13 135 0.8 144 70096 512 44
13 135 0.8 145 279994 2208 44
13 135 0.8 146 590721 2340 43
13 135 0.8 147 410704 2996 43
13 135 0.8 148 1684166 9616 44
13 135 0.8 149 62478694 617728 42
13 135 0.8 150 17827884 96840 42
13 135 0.8 151 28053990 303984 41
13 135 0.8 152 430566 3858 45
13 135 0.8 153 4817784 35104 42
13 135 0.8 154 22315532 156576 42
13 135 0.8 155 1445250 11835 43
13 135 0.8 156 19934 84 44
13 135 0.8 157 255035 2160 44
13 135 0.8 158 801632 7280 43
13 135 0.8 159 1247166 6396 42
13 135 0.8 160 916472 6960 43
13 135 0.8 161 884619 7581 44
13 135 0.8 162 6540788 67032 43
13 135 0.8 163 827520 6660 44
13 135 0.8 164 3326002 13548 42
13 135 0.8 165 132392 792 44
13 135 0.8 166 1099443 10746 44
13 135 0.8 167 744093 6642 44
13 135 0.8 168 3324788 24960 42
13 135 0.8 169 19736 144 44
13 135 0.8 170 4708076 25596 42
13 135 0.8 171 873066 7128 44
13 135 0.8 172 6070948 37380 42
13 135 0.8 173 14196997 97408 41
13 135 0.8 174 7622572 44232 42
13 135 0.8 175 232895573 2063312 41
13 135 0.8 176 607596 2304 43
13 135 0.8 177 32968 272 44
13 135 0.8 178 114705 819 45
13 135 0.8 179 6286424 72870 43
13 135 0.8 180 1282640 12416 43
13 135 0.8 181 2721909 1944 42
13 135 0.8 182 7335 36 44
13 135 0.8 183 15828468 97236 42
13 135 0.8 184 8191175 69606 44
13 135 0.8 185 65940 432 45
13 135 0.8 186 3995765 38785 43
13 135 0.8 187 2744082 16780 43
13 135 0.8 188 33572361 248760 42
13 135 0.8 189 47552 250 44
13 135 0.8 190 6201904 22620 42
13 135 0.8 191 178681279 2163948 42
13 135 0.8 192 24672444 209664 41
13 135 0.8 193 32373841 342108 42
13 135 0.8 194 37392 224 43
13 135 0.8 195 20602952 168084 41
13 135 0.8 196 192721 592 42
13 135 0.8 197 107535 792 45
13 135 0.8 198 20102 144 44
13 135 0.8 199 35225992 360896 42
13 135 0.8 200 192305376 1871040 41
13 135 0.8 201 2159161 6496 42
13 135 0.8 202 6900835 62046 43
13 135 0.8 203 3767358 30888 43
13 135 0.8 204 134420 240 42
13 135 0.8 205 2675008 13440 43
13 135 0.8 206 555067 3870 44
13 135 0.8 207 363832 3240 45
13 135 0.8 208 2099786 7141 43
13 135 0.8 209 1594351 14760 43
13 135 0.8 210 77267682 797444 42
13 135 0.8 211 43764628 205620 41
13 135 0.8 212 17625041 147490 42
13 135 0.8 213 429359 3640 44
13 135 0.8 214 572933884 6871136 42
13 135 0.8 215 248376 328 43
13 135 0.8 216 544605924 5816120 41
13 135 0.8 217 301644 2280 43
13 135 0.8 218 2916143 27070 43
13 135 0.8 219 9477342 75986 42
13 135 0.8 220 2068216 17010 43
13 135 0.8 221 1172564 7940 43
13 135 0.8 222 2829015 22807 42
13 135 0.8 223 1158074 3904 41
13 135 0.8 224 699796 6336 43
13 135 0.8 225 70358 504 45
13 135 0.8 226 1310966 9840 43
13 135 0.8 227 3451104 23328 42
13 135 0.8 228 74912285 708369 42
13 135 0.8 229 767944 4352 43
13 135 0.8 230 383288 1920 43
13 135 0.8 231 461512 3400 44
13 135 0.8 232 5458588 38288 43
13 135 0.8 233 149946518 1524045 41
13 135 0.8 234 205528 1248 45
13 135 0.8 235 11001526 108845 42
13 135 0.8 236 914605 5062 42
13 135 0.8 237 290156 2758 44
13 135 0.8 238 1792024 16632 44
13 135 0.8 239 1094016 7500 42
13 135 0.8 240 21072 96 44
13 135 0.8 241 2277084 5040 42
13 135 0.8 242 7259141 56475 42
13 135 0.8 243 146770533 1644948 42
13 135 0.8 244 1445842 7716 43
13 135 0.8 245 166034 1080 43
13 135 0.8 246 12108 96 46
13 135 0.8 247 20921628 200304 42
13 135 0.8 248 213566 2184 44
13 135 0.8 249 46331 195 43
13 135 0.8 250 7047662 65940 42
13 135 0.8 251 101626 260 44
13 135 0.8 252 1275036 8985 43
13 135 0.8 253 2471192 23564 44
13 135 0.8 254 38166770 384372 42
13 135 0.8 255 317220 2052 43
13 135 0.8 256 1680781 12420 43
13 135 0.8 257 329718 1880 44
13 135 0.8 258 1511480 10576 42
13 135 0.8 259 288410 1480 43
13 135 0.8 260 687716 5184 43
13 135 0.8 261 1513916 6144 42
13 135 0.8 262 344272 2560 44
13 135 0.8 263 4726452 25376 41
13 135 0.8 264 754860 4800 43
13 135 0.8 265 6621616 66032 43
13 135 0.8 266 1587320 14304 43
13 135 0.8 267 759316 3920 44
13 135 0.8 268 64709008 514974 42
13 135 0.8 269 4470236 21680 42
13 135 0.8 270 8818461 66346 41
13 135 0.8 271 51208125 598482 42
13 135 0.8 272 632016 4970 42
13 135 0.8 273 647262 2020 42
13 135 0.8 274 29739203 282778 42
13 135 0.8 275 188262 1836 44
13 135 0.8 276 1755742 15216 43
13 135 0.8 277 654610 5124 44
13 135 0.8 278 1412752 10112 43
13 135 0.8 279 17343912 177120 42
13 135 0.8 280 4030354 46596 43
13 135 0.8 281 2719896624 28460400 40
13 135 0.8 282 684739 3760 42
13 135 0.8 283 25576 196 45
13 135 0.8 284 458639047 1671365 40
13 135 0.8 285 25426838 242488 43
13 135 0.8 286 2112488 14634 43
13 135 0.8 287 13618774 135612 44
13 135 0.8 288 30801303 281386 42
13 135 0.8 289 2315743 20560 45
13 135 0.8 290 22586058 250290 42
13 135 0.8 291 135632 1184 44
13 135 0.8 292 1758 6 45
13 135 0.8 293 86638 504 44
13 135 0.8 294 66392 408 44
13 135 0.8 295 986034 6640 43
13 135 0.8 296 62514 456 46
13 135 0.8 297 3379 20 45
13 135 0.8 298 1664616 2982 43
13 135 0.8 299 497496582 5264848 41
13 135 0.8 300 305050013 3268868 41
13 135 0.8 301 365821 2004 42
13 135 0.8 302 397328 3186 45
13 135 0.8 303 8488398 49704 42
13 135 0.8 304 15372 108 45
13 135 0.8 305 226134 1088 42
13 135 0.8 306 35914 282 44
13 135 0.8 307 44215717 401151 41
13 135 0.8 308 1429295 1316 43
13 135 0.8 309 1249764 6976 43
13 135 0.8 310 6556786 52380 42
13 135 0.8 311 6723404 63120 43
13 135 0.8 312 4605532 25584 43
13 135 0.8 313 676548 5616 43
13 135 0.8 314 212453306 1339824 41
13 135 0.8 315 842156 2352 43
13 135 0.8 316 324905 2380 43
13 135 0.8 317 1246770 5408 43
13 135 0.8 318 732944 1444 43
13 135 0.8 319 337 2 45
13 135 0.8 320 842453 7644 44
13 135 0.8 321 131148 792 44
13 135 0.8 322 23873536 230354 42
13 135 0.8 323 5460961 9946 42
13 135 0.8 324 111768 144 43
13 135 0.8 325 223274 1730 44
13 135 0.8 326 585928 4347 44
13 135 0.8 327 2727002 18024 42
13 135 0.8 328 1262176 5364 42
13 135 0.8 329 176742 756 43
13 135 0.8 330 4270840 37248 42
13 135 0.8 331 2261156 11760 42
13 135 0.8 332 31995172 322560 42
13 135 0.8 333 434992 308 42
13 135 0.8 334 4058162 32631 43
13 135 0.8 335 3813791 28146 43
13 135 0.8 336 1531360 11968 43
13 135 0.8 337 7081882 69814 42
13 135 0.8 338 257730760 1673800 41
13 135 0.8 339 49898245 557591 42
13 135 0.8 340 2218836 16352 43
13 135 0.8 341 10641016 117712 42
13 135 0.8 342 3701694 25260 43
13 135 0.8 343 2813760 29728 43
13 135 0.8 344 9569384 96924 43
13 135 0.8 345 8741493 83974 42
13 135 0.8 346 6061272 57456 42
13 135 0.8 347 19337327 205554 42
13 135 0.8 348 6185216 44064 42
13 135 0.8 349 69020 336 44
13 135 0.8 350 20654254 186628 42
13 135 0.8 351 144262 1096 44
13 135 0.8 352 711756 6536 44
13 135 0.8 353 23614470 158504 41
13 135 0.8 354 32160736 365340 43
13 135 0.8 355 3098580 30223 43
13 135 0.8 356 2760672 21888 43
13 135 0.8 357 39833864 405360 42
13 135 0.8 358 80358 588 45
13 135 0.8 359 336000 2320 44
13 135 0.8 360 5921952 60480 44
13 135 0.8 361 732685 2106 43
13 135 0.8 362 566676 5572 46
13 135 0.8 363 3031273 14280 41
13 135 0.8 364 59865 375 45
13 135 0.8 365 8989648 74880 42
13 135 0.8 366 496364 1784 42
13 135 0.8 367 1500420 6600 43
13 135 0.8 368 5396828 34672 43
13 135 0.8 369 1527148 10408 42
13 135 0.8 370 10664564 92740 43
13 135 0.8 371 13503004 126996 43
13 135 0.8 372 693234 5184 44
13 135 0.8 373 12330384 55808 42
13 135 0.8 374 9081 54 45
13 135 0.8 375 610258 1902 43
13 135 0.8 376 234902 2424 45
13 135 0.8 377 49723866 543312 43
13 135 0.8 378 297524 2142 44
13 135 0.8 379 687222 3324 43
13 135 0.8 380 91630238 1234800 42
13 135 0.8 381 14549101 111900 42
13 135 0.8 382 21195478 116944 41
13 135 0.8 383 12236282 26112 42
13 135 0.8 384 3131961 21809 42
13 135 0.8 385 7028 20 43
13 135 0.8 386 24592650 235276 42
13 135 0.8 387 6385950 60768 42
13 135 0.8 388 2137344 10308 42
13 135 0.8 389 16966 86 44
13 135 0.8 390 13075876 121908 42
13 135 0.8 391 4716720 32640 42
13 135 0.8 392 2504694 16320 43
13 135 0.8 393 9810144 88572 43
13 135 0.8 394 20968972 90804 42
13 135 0.8 395 371934 3393 44
13 135 0.8 396 505792 4486 45
13 135 0.8 397 3661438 31456 43
13 135 0.8 398 11840 32 44
13 135 0.8 399 22462824 179280 42
13 135 0.8 400 3131200 27156 43
13 135 0.8 401 71304 520 44
13 135 0.8 402 14744784 125280 43
13 135 0.8 403 1053529224 12931392 40
13 135 0.8 404 3883212 25452 43
13 135 0.8 405 27164080 215661 42
13 135 0.8 406 421797 3132 44
13 135 0.8 407 72741747 424320 42
13 135 0.8 408 493494 4412 44
13 135 0.8 409 36838 252 44
13 135 0.8 410 13293673 133201 43
13 135 0.8 411 36896 160 44
13 135 0.8 412 160030 60 43
13 135 0.8 413 8088 24 43
13 135 0.8 414 24668 96 44
13 135 0.8 415 34117636 159888 42
13 135 0.8 416 60939106 515100 42
13 135 0.8 417 2064204 14918 42
13 135 0.8 418 17715674 187064 43
13 135 0.8 419 62336114 675090 42
13 135 0.8 420 328940 2160 44
13 135 0.8 421 18044395 157461 42
13 135 0.8 422 1291008 8448 43
13 135 0.8 423 9665680 66480 42
13 135 0.8 424 7294582 81268 43
13 135 0.8 425 1476616 8456 44
13 135 0.8 426 387802 3108 44
13 135 0.8 427 129425 844 44
13 135 0.8 428 1044556 6480 43
13 135 0.8 429 9141906 83480 42
13 135 0.8 430 24025375 222567 42
13 135 0.8 431 299526 2024 44
13 135 0.8 432 17611402 177264 42
13 135 0.8 433 118558 832 43
13 135 0.8 434 154051532 1471375 41
13 135 0.8 435 4561765 32796 43
13 135 0.8 436 189282 1386 44
13 135 0.8 437 5198108 41056 42
13 135 0.8 438 6423 45 45
13 135 0.8 439 17984658 174548 43
13 135 0.8 440 147744 864 44
13 135 0.8 441 1049680 7808 43
13 135 0.8 442 11985350 119532 42
13 135 0.8 443 668274 3360 43
13 135 0.8 444 105443959 1117149 42
13 135 0.8 445 8954368 88816 43
13 135 0.8 446 25273954 251824 42
13 135 0.8 447 158673648 1458900 41
13 135 0.8 448 1598490 12900 44
13 135 0.8 449 23414864 198752 42
13 135 0.8 450 1331 6 45
13 135 0.8 451 596563888 6542116 40
13 135 0.8 452 1805084 15504 43
13 135 0.8 453 294609 120 43
13 135 0.8 454 12564 96 44
13 135 0.8 455 1189751 5280 44
13 135 0.8 456 863781 6262 42
13 135 0.8 457 1777767 12516 42
13 135 0.8 458 16770284 170478 43
13 135 0.8 459 5282484 30240 42
13 135 0.8 460 2970060 23600 42
13 135 0.8 461 402916 3072 43
13 135 0.8 462 1987596 16232 44
13 135 0.8 463 22321949 158064 41
13 135 0.8 464 325810 1200 43
13 135 0.8 465 919348 480 42
13 135 0.8 466 1033996 9036 43
13 135 0.8 467 492320 2448 43
13 135 0.8 468 121232 752 45
13 135 0.8 469 592656 3780 44
13 135 0.8 470 1785217 14820 43
13 135 0.8 471 8947 30 45
13 135 0.8 472 388140 3600 45
13 135 0.8 473 11958 72 44
13 135 0.8 474 493122 2568 43
13 135 0.8 475 239181364 2994389 42
13 135 0.8 476 66757898 620928 41
13 135 0.8 477 2061904 16134 43
13 135 0.8 478 3049204 25056 43
13 135 0.8 479 6064088 52400 42
13 135 0.8 480 11154632 107510 43
13 135 0.8 481 5931704 17106 42
13 135 0.8 482 127204 828 44
13 135 0.8 483 1417388 10320 43
13 135 0.8 484 13783140 122760 43
13 135 0.8 485 444828 2136 44
13 135 0.8 486 194044 720 43
13 135 0.8 487 6443878 61560 43
13 135 0.8 488 68909 462 44
13 135 0.8 489 22034 104 45
13 135 0.8 490 443109 3204 43
13 135 0.8 491 15184185 138726 43
13 135 0.8 492 14018 60 44
13 135 0.8 493 44124 144 43
13 135 0.8 494 68310497 677841 42
13 135 0.8 495 1173309 5394 42
13 135 0.8 496 9046760 40264 42
13 135 0.8 497 128820 144 44
13 135 0.8 498 24752146 132728 41
13 135 0.8 499 45212977 311568 41
13 135 0.8 500 652752 5280 43
13 135 0.8 501 7.5760288e7 699144.0 42
13 135 0.8 502 2.468002e6 15096.0 43
13 135 0.8 503 573736.0 1872.0 42
13 135 0.8 504 437670.0 1620.0 43
13 135 0.8 505 1.79440139e8 2.00832e6 42
13 135 0.8 506 526592.0 2144.0 43
13 135 0.8 507 3.5461061e7 403704.0 42
13 135 0.8 508 403260.0 3528.0 45
13 135 0.8 509 246460.0 1104.0 44
13 135 0.8 510 561250.0 4080.0 43
13 135 0.8 511 3.322486e6 28448.0 43
13 135 0.8 512 1.44733e6 13104.0 43
13 135 0.8 513 1.9358296e7 167328.0 42
13 135 0.8 514 2.208296e6 5112.0 42
13 135 0.8 515 3.192436e6 24192.0 42
13 135 0.8 516 8.8885838e7 878760.0 41
13 135 0.8 517 1.6031806e7 124920.0 42
13 135 0.8 518 2.068678e6 16302.0 44
13 135 0.8 519 800163.0 6558.0 44
13 135 0.8 520 2.2314027e7 225484.0 43
13 135 0.8 521 103153.0 632.0 45
13 135 0.8 522 39496.0 192.0 45
13 135 0.8 523 62324.0 376.0 44
13 135 0.8 524 2.573784e6 18389.0 43
13 135 0.8 525 20286.0 72.0 44
13 135 0.8 526 1.359288e6 1792.0 42
13 135 0.8 527 1.212753e6 1536.0 42
13 135 0.8 528 2.0048198e7 162716.0 42
13 135 0.8 529 15008.0 59.0 45
13 135 0.8 530 8504.0 68.0 46
13 135 0.8 531 519166.0 3900.0 43
13 135 0.8 532 3.7892676e7 346104.0 41
13 135 0.8 533 14152.0 80.0 45
13 135 0.8 534 7.934628e6 55344.0 42
13 135 0.8 535 1.0795877e7 128739.0 43
13 135 0.8 536 4.290974e6 41272.0 42
13 135 0.8 537 84849.0 690.0 45
13 135 0.8 538 902908.0 7628.0 45
13 135 0.8 539 1.2015008e7 135624.0 43
13 135 0.8 540 104895.0 474.0 43
13 135 0.8 541 4.3604986e7 477880.0 42
13 135 0.8 542 681536.0 3360.0 44
13 135 0.8 543 2.232972e6 13824.0 42
13 135 0.8 544 6.204104e6 46880.0 43
13 135 0.8 545 122714.0 664.0 44
13 135 0.8 546 1.711332e6 12000.0 43
13 135 0.8 547 1.5909653e7 123236.0 42
13 135 0.8 548 3.9626364e7 345264.0 41
13 135 0.8 549 4.3271948e7 418000.0 42
13 135 0.8 550 99980.0 675.0 44
13 135 0.8 551 112971.0 519.0 45
13 135 0.8 552 1.910188e6 16560.0 44
13 135 0.8 553 1.8564813e7 190560.0 42
13 135 0.8 554 1.06118e7 42504.0 41
13 135 0.8 555 340848.0 2176.0 44
13 135 0.8 556 848818.0 1012.0 42
13 135 0.8 557 280740.0 2072.0 44
13 135 0.8 558 2.90351926e8 2.99784e6 41
13 135 0.8 559 18692.0 96.0 45
13 135 0.8 560 171015.0 1305.0 44
13 135 0.8 561 1.0704344e7 51264.0 41
13 135 0.8 562 3.211709e6 28582.0 43
13 135 0.8 563 5.67648e6 48512.0 43
13 135 0.8 564 5.1552073e7 391804.0 42
13 135 0.8 565 4.5616e6 36768.0 43
13 135 0.8 566 1.495016e6 9220.0 43
13 135 0.8 567 3.100998e6 23100.0 42
13 135 0.8 568 1.07752e6 4372.0 43
13 135 0.8 569 873444.0 1920.0 42
13 135 0.8 570 101820.0 544.0 43
13 135 0.8 571 3.476848e6 22240.0 43
13 135 0.8 572 2.1711232e7 122880.0 42
13 135 0.8 573 997096.0 4128.0 43
13 135 0.8 574 8.073273e6 38700.0 42
13 135 0.8 575 2.191711e6 15492.0 43
13 135 0.8 576 2.0867589e7 119440.0 42
13 135 0.8 577 317044.0 2528.0 44
13 135 0.8 578 334753.0 2500.0 44
13 135 0.8 579 370635.0 1806.0 42
13 135 0.8 580 6.780128e6 49912.0 42
13 135 0.8 581 17328.0 112.0 44
13 135 0.8 582 7.6524846e7 908020.0 42
13 135 0.8 583 767688.0 6320.0 43
13 135 0.8 584 1.090468e6 9672.0 44
13 135 0.8 585 739282.0 5640.0 43
13 135 0.8 586 6.424572e6 61904.0 44
13 135 0.8 587 1.260159e6 11694.0 43
13 135 0.8 588 1.79760973e8 1.876178e6 42
13 135 0.8 589 408044.0 1560.0 42
13 135 0.8 590 8.624776e6 73968.0 42
13 135 0.8 591 4.1914255e7 412728.0 42
13 135 0.8 592 3.404474e6 4992.0 43
13 135 0.8 593 2.728632e6 19520.0 43
13 135 0.8 594 32754.0 108.0 44
13 135 0.8 595 708952.0 2016.0 43
13 135 0.8 596 27573.0 204.0 45
13 135 0.8 597 2.3333759e7 179694.0 43
13 135 0.8 598 3.677832e6 23040.0 42
13 135 0.8 599 1.032352e6 9280.0 43
13 135 0.8 600 3.654912e6 28752.0 43
13 135 0.8 601 3.694815e6 26520.0 42
13 135 0.8 602 1.432929e6 9558.0 42
13 135 0.8 603 1.366256e6 11832.0 44
13 135 0.8 604 1.309638e7 124564.0 43
13 135 0.8 605 139967.0 1104.0 45
13 135 0.8 606 3.74242e6 14880.0 42
13 135 0.8 607 6.337235e6 46752.0 43
13 135 0.8 608 11288.0 75.0 45
13 135 0.8 609 1.3706874e7 132192.0 42
13 135 0.8 610 1.868536e6 7376.0 43
13 135 0.8 611 3.608916e6 36604.0 44
13 135 0.8 612 672178.0 5054.0 45
13 135 0.8 613 609300.0 4743.0 44
13 135 0.8 614 1.425192e6 6624.0 42
13 135 0.8 615 1.153147e6 8124.0 42
13 135 0.8 616 174961.0 991.0 44
13 135 0.8 617 3.802086e6 37180.0 43
13 135 0.8 618 1.514366e7 124880.0 41
13 135 0.8 619 5.015009e6 28430.0 43
13 135 0.8 620 2.507158e6 840.0 42
13 135 0.8 621 7.866368e6 69120.0 43
13 135 0.8 622 4.968729e6 28902.0 41
13 135 0.8 623 6.366873e6 61420.0 44
13 135 0.8 624 3.7593602e7 315172.0 42
13 135 0.8 625 473040.0 2592.0 42
13 135 0.8 626 2.377476e6 20304.0 44
13 135 0.8 627 2.326332e6 20988.0 43
13 135 0.8 628 30224.0 160.0 44
13 135 0.8 629 1.447928e6 10596.0 44
13 135 0.8 630 3.734658e6 30240.0 42
13 135 0.8 631 13824.0 80.0 45
13 135 0.8 632 1.42694e6 7560.0 43
13 135 0.8 633 3.221144e6 28176.0 42
13 135 0.8 634 5.5474472e7 480015.0 41
13 135 0.8 635 669042.0 1440.0 44
13 135 0.8 636 28016.0 196.0 45
13 135 0.8 637 1.29089119e8 1.32053e6 41
13 135 0.8 638 629725.0 4000.0 43
13 135 0.8 639 1.491552e6 5392.0 42
13 135 0.8 640 2.073611e6 18480.0 43
13 135 0.8 641 1.961563e7 144102.0 42
13 135 0.8 642 344502.0 2652.0 44
13 135 0.8 643 214240.0 576.0 43
13 135 0.8 644 5.367146e6 49908.0 43
13 135 0.8 645 4.330473e6 40584.0 42
13 135 0.8 646 7.836184e6 70344.0 43
13 135 0.8 647 6.602838e6 26280.0 42
13 135 0.8 648 135902.0 840.0 44
13 135 0.8 649 2.802761e7 181535.0 41
13 135 0.8 650 1487.0 4.0 45
13 135 0.8 651 404150.0 1008.0 43
13 135 0.8 652 581424.0 3808.0 43
13 135 0.8 653 7.0351577e7 653189.0 41
13 135 0.8 654 1.4571758e7 133520.0 43
13 135 0.8 655 1.65769166e8 1.821113e6 42
13 135 0.8 656 109446.0 656.0 43
13 135 0.8 657 2.7984444e7 223992.0 41
13 135 0.8 658 1.667924e6 7182.0 42
13 135 0.8 659 538477.0 3744.0 44
13 135 0.8 660 4.36914204e9 5.609016e7 40
13 135 0.8 661 541904.0 4528.0 44
13 135 0.8 662 4.52290347e8 3.04179e6 40
13 135 0.8 663 6.5764646e7 680146.0 43
13 135 0.8 664 2.169663e6 18065.0 43
13 135 0.8 665 3.526704e6 31248.0 43
13 135 0.8 666 3.159829e6 29246.0 43
13 135 0.8 667 158304.0 1209.0 44
13 135 0.8 668 2.77662393e8 3.143439e6 41
13 135 0.8 669 5.3539947e7 388512.0 41
13 135 0.8 670 1.845838e6 6356.0 44
13 135 0.8 671 889988.0 2816.0 44
13 135 0.8 672 351774.0 2724.0 44
13 135 0.8 673 5.9119751e7 634986.0 42
13 135 0.8 674 771360.0 4860.0 43
13 135 0.8 675 1.0422738e7 103420.0 42
13 135 0.8 676 2.116204e6 16192.0 44
13 135 0.8 677 778917.0 6180.0 44
13 135 0.8 678 1.2774314e8 246840.0 41
13 135 0.8 679 844404.0 2756.0 43
13 135 0.8 680 2.11608e6 18144.0 43
13 135 0.8 681 1.4182965e7 122778.0 42
13 135 0.8 682 118428.0 342.0 44
13 135 0.8 683 36092.0 220.0 44
13 135 0.8 684 1.4638579e7 144196.0 42
13 135 0.8 685 749226.0 6120.0 44
13 135 0.8 686 1.951606e7 180156.0 42
13 135 0.8 687 35824.0 112.0 45
13 135 0.8 688 45168.0 432.0 44
13 135 0.8 689 1.5360281e7 89426.0 42
13 135 0.8 690 47546.0 368.0 44
13 135 0.8 691 676.0 4.0 47
13 135 0.8 692 181344.0 1440.0 43
13 135 0.8 693 2.13328465e8 2.05456e6 42
13 135 0.8 694 5.04183e6 45936.0 43
13 135 0.8 695 3.175294e6 23448.0 41
13 135 0.8 696 103589.0 624.0 44
13 135 0.8 697 2.3782992e7 175464.0 41
13 135 0.8 698 4.208514e6 11452.0 42
13 135 0.8 699 244352.0 1672.0 44
13 135 0.8 700 4.022361e7 375276.0 42
13 135 0.8 701 519852.0 1176.0 43
13 135 0.8 702 1.0716132e7 82480.0 42
13 135 0.8 703 166000.0 1356.0 46
13 135 0.8 704 4.9408186e7 484800.0 42
13 135 0.8 705 673721.0 6746.0 44
13 135 0.8 706 908956.0 5516.0 44
13 135 0.8 707 4.172678e6 33288.0 43
13 135 0.8 708 1.61740157e8 1.364923e6 40
13 135 0.8 709 1.539688e6 2880.0 42
13 135 0.8 710 45230.0 368.0 45
13 135 0.8 711 4317.0 28.0 46
13 135 0.8 712 2.909329e7 289762.0 42
13 135 0.8 713 2.551266e6 17148.0 42
13 135 0.8 714 3.112152e6 25032.0 43
13 135 0.8 715 678306.0 2124.0 42
13 135 0.8 716 48490.0 224.0 44
13 135 0.8 717 27140.0 120.0 45
13 135 0.8 718 5.0507852e7 397616.0 41
13 135 0.8 719 1.943827e6 16176.0 45
13 135 0.8 720 4.7286084e7 419916.0 41
13 135 0.8 721 3.298116e6 21920.0 43
13 135 0.8 722 2.0580224e7 116240.0 42
13 135 0.8 723 4.8287796e7 422736.0 42
13 135 0.8 724 125052.0 716.0 44
13 135 0.8 725 6.82312e6 66136.0 43
13 135 0.8 726 7.843209e6 71494.0 43
13 135 0.8 727 4.379598e6 24159.0 42
13 135 0.8 728 5.9026e6 31104.0 43
13 135 0.8 729 3170.0 20.0 45
13 135 0.8 730 600112.0 4672.0 44
13 135 0.8 731 106988.0 540.0 44
13 135 0.8 732 2.199332e7 6960.0 42
13 135 0.8 733 3.2508844e7 255862.0 41
13 135 0.8 734 1.5108673e7 105966.0 42
13 135 0.8 735 191702.0 1512.0 44
13 135 0.8 736 1.09647237e8 816362.0 40
13 135 0.8 737 1.44495924e8 1.606235e6 42
13 135 0.8 738 247580.0 2088.0 45
13 135 0.8 739 1.1859053e7 110742.0 43
13 135 0.8 740 1.185748e7 106008.0 43
13 135 0.8 741 731899.0 6864.0 44
13 135 0.8 742 1.22373e6 1724.0 42
13 135 0.8 743 63124.0 144.0 44
13 135 0.8 744 103179.0 339.0 43
13 135 0.8 745 8.32104e6 78576.0 42
13 135 0.8 746 177144.0 1440.0 44
13 135 0.8 747 17354.0 108.0 46
13 135 0.8 748 3.799494e6 32186.0 43
13 135 0.8 749 630573.0 4110.0 44
13 135 0.8 750 1.9247328e7 207321.0 43
13 135 0.8 751 363166.0 2196.0 44
13 135 0.8 752 338319.0 2856.0 45
13 135 0.8 753 13942.0 60.0 45
13 135 0.8 754 1.519522e6 11916.0 44
13 135 0.8 755 7.884377e7 841684.0 42
13 135 0.8 756 6492.0 40.0 46
13 135 0.8 757 243168.0 1080.0 44
13 135 0.8 758 132291.0 836.0 44
13 135 0.8 759 1.518896e6 11223.0 43
13 135 0.8 760 3.8096508e7 142820.0 41
13 135 0.8 761 292056.0 480.0 43
13 135 0.8 762 3.271121e6 17874.0 43
13 135 0.8 763 32770.0 228.0 45
13 135 0.8 764 3.537152e6 25152.0 43
13 135 0.8 765 68114.0 392.0 44
13 135 0.8 766 3.813764e6 32816.0 43
13 135 0.8 767 1.551428e6 13760.0 43
13 135 0.8 768 7.650786e6 16860.0 41
13 135 0.8 769 5.533874e6 51234.0 43
13 135 0.8 770 1.883599e7 109512.0 42
13 135 0.8 771 1.429839e7 112644.0 43
13 135 0.8 772 2.196112e6 22800.0 44
13 135 0.8 773 411042.0 1440.0 43
13 135 0.8 774 17289.0 120.0 45
13 135 0.8 775 27844.0 240.0 43
13 135 0.8 776 1.013737e6 5612.0 42
13 135 0.8 777 524236.0 3912.0 45
13 135 0.8 778 1.55563252e8 859728.0 40
13 135 0.8 779 1.17081282e8 1.249008e6 42
13 135 0.8 780 4.7347206e7 298490.0 42
13 135 0.8 781 6.787568652e9 8.9694514e7 40
13 135 0.8 782 3.060953e6 25920.0 43
13 135 0.8 783 2.2596118e7 75462.0 41
13 135 0.8 784 42536.0 324.0 44
13 135 0.8 785 590532.0 2166.0 42
13 135 0.8 786 3.314878e6 5520.0 41
13 135 0.8 787 1.632897e6 4941.0 43
13 135 0.8 788 39360.0 288.0 45
13 135 0.8 789 2.6567741e7 242145.0 42
13 135 0.8 790 4.209026e6 41733.0 44
13 135 0.8 791 284438.0 1440.0 43
13 135 0.8 792 10116.0 56.0 45
13 135 0.8 793 9.492339e6 102096.0 42
13 135 0.8 794 6.358232e7 636830.0 42
13 135 0.8 795 5.022773e6 24596.0 41
13 135 0.8 796 2.418719228e9 1.7751616e7 40
13 135 0.8 797 62618.0 264.0 43
13 135 0.8 798 2.0898334e7 156816.0 41
13 135 0.8 799 703066.0 3100.0 42
13 135 0.8 800 1.681696244e9 2.273784e7 41
13 135 0.8 801 12036.0 64.0 45
13 135 0.8 802 2.1718128e7 207528.0 43
13 135 0.8 803 919980.0 7776.0 44
13 135 0.8 804 4.932561e6 17172.0 42
13 135 0.8 805 1.8931014e7 193302.0 42
13 135 0.8 806 2.028586e6 12780.0 43
13 135 0.8 807 2.092196e6 18640.0 44
13 135 0.8 808 435634.0 2814.0 44
13 135 0.8 809 8.550958e6 20480.0 42
13 135 0.8 810 240656.0 2016.0 44
13 135 0.8 811 79637.0 186.0 44
13 135 0.8 812 4.140698e6 27102.0 43
13 135 0.8 813 1.632819e6 13745.0 43
13 135 0.8 814 3.59562e6 25200.0 43
13 135 0.8 815 8.3744561e7 832185.0 42
13 135 0.8 816 3.60561632e8 3.918852e6 42
13 135 0.8 817 7.8200814e7 603810.0 42
13 135 0.8 818 334672.0 2880.0 44
13 135 0.8 819 567552.0 480.0 41
13 135 0.8 820 1.152024e6 5640.0 42
13 135 0.8 821 281444.0 1836.0 43
13 135 0.8 822 8.8048312e7 805148.0 41
13 135 0.8 823 3.18509414e8 2.715361e6 40
13 135 0.8 824 5.920296e6 28160.0 42
13 135 0.8 825 6.8104146e7 735788.0 42
13 135 0.8 826 2.8797988e7 264000.0 42
13 135 0.8 827 874464.0 7680.0 44
13 135 0.8 828 844036.0 6512.0 43
13 135 0.8 829 2.054324e6 11900.0 42
13 135 0.8 830 3.4440186e7 387180.0 41
13 135 0.8 831 2.131446e6 14976.0 43
13 135 0.8 832 9.528304e6 67164.0 42
13 135 0.8 833 5.7252118e7 533220.0 41
13 135 0.8 834 894810.0 4350.0 43
13 135 0.8 835 692392.0 2880.0 42
13 135 0.8 836 28836.0 144.0 43
13 135 0.8 837 2.625783e6 23328.0 43
13 135 0.8 838 91844.0 490.0 45
13 135 0.8 839 5.666196e6 42016.0 43
13 135 0.8 840 5.432972e6 23620.0 41
13 135 0.8 841 1.914366e6 17748.0 44
13 135 0.8 842 2.076618e6 13082.0 42
13 135 0.8 843 1.2132e6 8352.0 44
13 135 0.8 844 2.970931e6 19920.0 41
13 135 0.8 845 6.5477464e7 633776.0 42
13 135 0.8 846 5.307948e6 45648.0 43
13 135 0.8 847 339558.0 2286.0 44
13 135 0.8 848 5.638208e6 33117.0 42
13 135 0.8 849 1.0482956e7 78660.0 43
13 135 0.8 850 964780.0 5664.0 42
13 135 0.8 851 8.20185e6 66744.0 42
13 135 0.8 852 1.0784266e7 108624.0 42
13 135 0.8 853 1.0051708e7 59368.0 43
13 135 0.8 854 249374.0 1104.0 43
13 135 0.8 855 1.473668e6 12048.0 43
13 135 0.8 856 46224.0 288.0 44
13 135 0.8 857 2.6933432e7 342056.0 42
13 135 0.8 858 345851.0 2926.0 44
13 135 0.8 859 8.4743052e7 431142.0 40
13 135 0.8 860 1.39871e6 9000.0 43
13 135 0.8 861 366072.0 1736.0 43
13 135 0.8 862 2.3171536e7 183200.0 42
13 135 0.8 863 1.002798e6 9350.0 44
13 135 0.8 864 8.937414e6 88284.0 43
13 135 0.8 865 9.6917418e7 1.116088e6 42
13 135 0.8 866 2.056393e6 17514.0 43
13 135 0.8 867 2.281563e6 15315.0 43
13 135 0.8 868 3.8552868e7 389856.0 42
13 135 0.8 869 695634.0 4896.0 44
13 135 0.8 870 889593.0 960.0 43
13 135 0.8 871 373482.0 2472.0 44
13 135 0.8 872 4.105746e6 20088.0 41
13 135 0.8 873 3.9591506e7 408992.0 42
13 135 0.8 874 1.226539e6 8832.0 43
13 135 0.8 875 1.391408e6 10398.0 43
13 135 0.8 876 350976.0 2496.0 43
13 135 0.8 877 1.3956068e8 1.588512e6 41
13 135 0.8 878 1.871406e6 8094.0 41
13 135 0.8 879 4.075163e6 33483.0 42
13 135 0.8 880 24425.0 204.0 45
13 135 0.8 881 339232.0 2625.0 43
13 135 0.8 882 4.4818087e7 432542.0 42
13 135 0.8 883 1.2929347e7 133376.0 43
13 135 0.8 884 183156.0 912.0 44
13 135 0.8 885 1.4438226e7 132096.0 43
13 135 0.8 886 2.60422e6 20200.0 43
13 135 0.8 887 28258.0 190.0 45
13 135 0.8 888 351566.0 772.0 42
13 135 0.8 889 3.893523e6 24448.0 43
13 135 0.8 890 2.7581001e7 261108.0 42
13 135 0.8 891 1.33752e6 14688.0 45
13 135 0.8 892 115304.0 710.0 44
13 135 0.8 893 294954.0 1036.0 42
13 135 0.8 894 7.16646916e8 71232.0 41
13 135 0.8 895 508926.0 3426.0 44
13 135 0.8 896 833218.0 5488.0 44
13 135 0.8 897 84741.0 702.0 45
13 135 0.8 898 643156.0 4470.0 42
13 135 0.8 899 176771.0 1332.0 43
13 135 0.8 900 682670.0 5116.0 43
13 135 0.8 901 546024.0 3936.0 43
13 135 0.8 902 2.033167e6 1500.0 42
13 135 0.8 903 7.2072146e7 297276.0 40
13 135 0.8 904 111958.0 640.0 44
13 135 0.8 905 45632.0 282.0 44
13 135 0.8 906 391636.0 3348.0 44
13 135 0.8 907 1.49433795e8 1.730936e6 41
13 135 0.8 908 67682.0 392.0 45
13 135 0.8 909 1.593216e6 14200.0 45
13 135 0.8 910 6.598056e6 41832.0 42
13 135 0.8 911 669771.0 3564.0 43
13 135 0.8 912 2.12042e6 13232.0 43
13 135 0.8 913 2.992884e6 18216.0 43
13 135 0.8 914 5.699449e6 45756.0 43
13 135 0.8 915 42868.0 72.0 43
13 135 0.8 916 1.818126e6 17100.0 43
13 135 0.8 917 2.354228e7 136488.0 41
13 135 0.8 918 8.693955e6 75570.0 43
13 135 0.8 919 935284.0 8720.0 44
13 135 0.8 920 1.831004e6 15152.0 43
13 135 0.8 921 4.541068e6 34160.0 42
13 135 0.8 922 1.60832e6 13320.0 43
13 135 0.8 923 3.3995424e7 173824.0 43
13 135 0.8 924 7.4993241e7 522686.0 41
13 135 0.8 925 4.073088e6 30928.0 42
13 135 0.8 926 1.11177e6 10028.0 44
13 135 0.8 927 1.820163e6 12420.0 42
13 135 0.8 928 3.710904e6 6000.0 42
13 135 0.8 929 162112.0 1167.0 43
13 135 0.8 930 2.679064e6 20716.0 42
13 135 0.8 931 1.038252e7 106520.0 42
13 135 0.8 932 9.766316e6 93576.0 44
13 135 0.8 933 193428.0 892.0 45
13 135 0.8 934 2.651228e6 23424.0 43
13 135 0.8 935 4.186752e6 36790.0 43
13 135 0.8 936 44892.0 36.0 43
13 135 0.8 937 469794.0 4524.0 44
13 135 0.8 938 173132.0 984.0 44
13 135 0.8 939 124698.0 560.0 43
13 135 0.8 940 448443.0 2970.0 43
13 135 0.8 941 258370.0 1895.0 44
13 135 0.8 942 1.865366e6 15624.0 43
13 135 0.8 943 465448.0 3624.0 44
13 135 0.8 944 596196.0 4536.0 43
13 135 0.8 945 1.064952e6 8704.0 44
13 135 0.8 946 45978.0 312.0 43
13 135 0.8 947 9.001056e6 72656.0 42
13 135 0.8 948 5.64095e6 46016.0 42
13 135 0.8 949 1.2549768e7 88128.0 42
13 135 0.8 950 50108.0 296.0 45
13 135 0.8 951 384449.0 2520.0 43
13 135 0.8 952 4.837169e6 40554.0 43
13 135 0.8 953 9864.0 64.0 45
13 135 0.8 954 2.27454e6 24120.0 43
13 135 0.8 955 1.2258033e7 83994.0 41
13 135 0.8 956 203595.0 1794.0 45
13 135 0.8 957 173778.0 1264.0 44
13 135 0.8 958 288363.0 1170.0 44
13 135 0.8 959 3.194494e6 28560.0 43
13 135 0.8 960 8.42476018e8 9.520952e6 41
13 135 0.8 961 3.2818863e7 183264.0 41
13 135 0.8 962 6.942682e6 64408.0 42
13 135 0.8 963 983508.0 7632.0 44
13 135 0.8 964 13606.0 84.0 45
13 135 0.8 965 498784.0 2592.0 44
13 135 0.8 966 7.2335756e7 391208.0 42
13 135 0.8 967 3.389231e6 25732.0 43
13 135 0.8 968 932812.0 9254.0 44
13 135 0.8 969 435929.0 2730.0 43
13 135 0.8 970 2.9078e6 22464.0 42
13 135 0.8 971 3.5278616e7 311432.0 41
13 135 0.8 972 439560.0 3300.0 44
13 135 0.8 973 1.528984e7 44225.0 41
13 135 0.8 974 2.070204e6 14364.0 43
13 135 0.8 975 5.455728e6 57664.0 43
13 135 0.8 976 7.2542784e7 517248.0 42
13 135 0.8 977 9.194344e6 44640.0 42
13 135 0.8 978 5.7224846e7 285369.0 41
13 135 0.8 979 7.01195724e8 8.126592e6 41
13 135 0.8 980 50182.0 300.0 44
13 135 0.8 981 1.0944842e7 85972.0 42
13 135 0.8 982 792320.0 6048.0 44
13 135 0.8 983 6.349396e6 41832.0 43
13 135 0.8 984 48200.0 128.0 44
13 135 0.8 985 1.513488e6 5760.0 42
13 135 0.8 986 6.9717383e7 779256.0 42
13 135 0.8 987 20698.0 132.0 45
13 135 0.8 988 1.2357536e7 38352.0 41
13 135 0.8 989 7.2108736e7 768868.0 42
13 135 0.8 990 294054.0 2292.0 44
13 135 0.8 991 3.461049e6 25548.0 42
13 135 0.8 992 9.707958e6 77724.0 43
13 135 0.8 993 2.965078e6 29832.0 44
13 135 0.8 994 5.522787e6 47909.0 43
13 135 0.8 995 6.871664e6 54408.0 42
13 135 0.8 996 3.132979e7 291816.0 42
13 135 0.8 997 3.912172e6 29376.0 42
13 135 0.8 998 33175.0 224.0 45
13 135 0.8 999 3.54588e6 32528.0 43
13 135 0.8 1000 78342.0 450.0 45
