L N d seed D_(MIS-1) D_MIS MIS
15 180 0.8 0 562324390 1108026 55
15 180 0.8 1 1761290068 11521456 55
15 180 0.8 2 1720464 7296 57
15 180 0.8 3 44171500 168128 57
15 180 0.8 4 59502256826 398490064 54
15 180 0.8 5 5440433496 33944184 55
15 180 0.8 6 3954459 23058 58
15 180 0.8 7 49214884 218356 56
15 180 0.8 8 27885082848 89690240 53
15 180 0.8 9 233329380 1426176 56
15 180 0.8 10 633406 2040 57
15 180 0.8 11 28208284 133328 56
15 180 0.8 12 3989294220 29183760 55
15 180 0.8 13 302813225 1503574 56
15 180 0.8 14 133481994 179844 55
15 180 0.8 15 285453336 361492 55
15 180 0.8 16 9913800 34400 57
15 180 0.8 17 372721967 1464342 54
15 180 0.8 18 241136 1128 59
15 180 0.8 19 7646092 33440 58
15 180 0.8 20 422080 896 58
15 180 0.8 21 3043544 7776 55
15 180 0.8 22 303894938 1949880 56
15 180 0.8 23 7578284 53280 58
15 180 0.8 24 65837 280 57
15 180 0.8 25 3885231980 19028992 55
15 180 0.8 26 701205496 4632464 56
15 180 0.8 27 3562976 19200 57
15 180 0.8 28 345708834 1823704 57
15 180 0.8 29 60853 260 61
15 180 0.8 30 1591114 6150 58
15 180 0.8 31 44750886 264112 56
15 180 0.8 32 8347134238 56276856 55
15 180 0.8 33 3125059224 11674800 54
15 180 0.8 34 1174062068 7628300 55
15 180 0.8 35 12228105014 69986656 55
15 180 0.8 36 534496214 3175621 55
15 180 0.8 37 17448680 24000 55
15 180 0.8 38 2618518878 12587072 55
15 180 0.8 39 2582128 3456 57
15 180 0.8 40 187377744 1093280 55
15 180 0.8 41 587558570 4203794 57
15 180 0.8 42 75352 144 56
15 180 0.8 43 83372 20 57
15 180 0.8 44 56174340 375984 58
15 180 0.8 45 4438586820 14896908 54
15 180 0.8 46 69871302 439526 57
15 180 0.8 47 214869408 832656 55
15 180 0.8 48 103342710 362648 55
15 180 0.8 49 5622196 1200 56
15 180 0.8 50 203374 728 58
15 180 0.8 51 8102358 37464 57
15 180 0.8 52 70271560 384000 56
15 180 0.8 53 26394396 61740 56
15 180 0.8 54 1922322 9300 58
15 180 0.8 55 4442874419 30774064 56
15 180 0.8 56 41026998 39152 54
15 180 0.8 57 19492248 101952 56
15 180 0.8 58 329606968 2484608 56
15 180 0.8 59 192075858 1084140 56
15 180 0.8 60 367292 1706 59
15 180 0.8 61 242411380 1449696 55
15 180 0.8 62 3051964 3720 54
15 180 0.8 63 5479372 30206 58
15 180 0.8 64 15651531 90705 58
15 180 0.8 65 1298216 6120 57
15 180 0.8 66 162794334 1101060 56
15 180 0.8 67 719452691 4583106 56
15 180 0.8 68 16852069 89550 57
15 180 0.8 69 2031872 7008 57
15 180 0.8 70 2413312 4480 57
15 180 0.8 71 211928424 1149970 56
15 180 0.8 72 178514 200 57
15 180 0.8 73 40184480 275840 56
15 180 0.8 74 2842516 11160 57
15 180 0.8 75 591018 2904 59
15 180 0.8 76 16037040 77088 57
15 180 0.8 77 1711680 5304 57
15 180 0.8 78 40189614 220056 56
15 180 0.8 79 2300692 13056 59
15 180 0.8 80 111180226 80136 56
15 180 0.8 81 7778347 31092 57
15 180 0.8 82 7875349976 59757468 55
15 180 0.8 83 19533232 113568 57
15 180 0.8 84 190003336 733440 56
15 180 0.8 85 73520170 144440 56
15 180 0.8 86 4512900 12480 57
15 180 0.8 87 2783699518 21425100 55
15 180 0.8 88 39201132 219024 56
15 180 0.8 89 54833350 137160 56
15 180 0.8 90 1459189472 8822660 55
15 180 0.8 91 161602300 869888 55
15 180 0.8 92 588095 1962 56
15 180 0.8 93 23196976 74112 57
15 180 0.8 94 1204343727 1782096 55
15 180 0.8 95 33575344 256000 56
15 180 0.8 96 346242618 2466456 56
15 180 0.8 97 334790 1140 57
15 180 0.8 98 30352136 19440 56
15 180 0.8 99 3238296 7200 55
15 180 0.8 100 36596857 106338 56
15 180 0.8 101 3158976 12096 57
15 180 0.8 102 805037 36 57
15 180 0.8 103 3926528 18810 57
15 180 0.8 104 347095394 1956138 55
15 180 0.8 105 338032024 397152 55
15 180 0.8 106 1148686 6468 58
15 180 0.8 107 2533464 10962 57
15 180 0.8 108 1162834441 8993790 56
15 180 0.8 109 59271692 116248 56
15 180 0.8 110 5253193292 45772072 55
15 180 0.8 111 337558612 2292392 56
15 180 0.8 112 443813287 2775098 55
15 180 0.8 113 432086770 3236500 55
15 180 0.8 114 185785176 476316 55
15 180 0.8 115 71787491646 596639400 54
15 180 0.8 116 790778043 3297336 56
15 180 0.8 117 28705100 103464 57
15 180 0.8 118 10834452 39624 56
15 180 0.8 119 480793848 380160 55
15 180 0.8 120 290430881 965622 56
15 180 0.8 121 1360552 6544 58
15 180 0.8 122 35977466 189464 56
15 180 0.8 123 1010047824 5335776 55
15 180 0.8 124 74879889 378176 56
15 180 0.8 125 39844886 264180 58
15 180 0.8 126 422959072 134784 54
15 180 0.8 127 4764348620 31948672 55
15 180 0.8 128 174748 720 58
15 180 0.8 129 479044164 2373824 56
15 180 0.8 130 23726961 115830 56
15 180 0.8 131 4552997131 25720140 54
15 180 0.8 132 3286176953 25371166 55
15 180 0.8 133 2525699 16494 59
15 180 0.8 134 9857232 42768 56
15 180 0.8 135 143636247 226200 56
15 180 0.8 136 12791304 9504 55
15 180 0.8 137 3545644 14248 56
15 180 0.8 138 35338470 189480 57
15 180 0.8 139 8244486 20298 55
15 180 0.8 140 657790 3477 58
15 180 0.8 141 202317356 1096640 55
15 180 0.8 142 532238196 3116816 57
15 180 0.8 143 4856193 29620 59
15 180 0.8 144 10636420 5184 57
15 180 0.8 145 614978388 2579040 55
15 180 0.8 146 10147692 56808 57
15 180 0.8 147 154636140 969976 56
15 180 0.8 148 6064960704 44469216 55
15 180 0.8 149 42202592 276948 57
15 180 0.8 150 6608936220 50004352 55
15 180 0.8 151 344743398 1791000 56
15 180 0.8 152 4308303642 28385501 54
15 180 0.8 153 18646376 94368 57
15 180 0.8 154 81861800 632736 58
15 180 0.8 155 8663292 36624 56
15 180 0.8 156 746859 2496 57
15 180 0.8 157 15448156 65488 57
15 180 0.8 158 168069320 1115328 56
15 180 0.8 159 17091678 52596 55
15 180 0.8 160 193863672 682560 55
15 180 0.8 161 123773584 52800 56
15 180 0.8 162 31016452 169400 57
15 180 0.8 163 366002032 2575680 57
15 180 0.8 164 1081430194 6380440 54
15 180 0.8 165 14907080 40800 57
15 180 0.8 166 7264053 27846 56
15 180 0.8 167 46516 160 59
15 180 0.8 168 2671120788 20951244 55
15 180 0.8 169 150426024 594276 55
15 180 0.8 170 144397423808 475587168 54
15 180 0.8 171 504198 1728 58
15 180 0.8 172 59347016 191840 56
15 180 0.8 173 13150254 72944 58
15 180 0.8 174 456238178 940208 55
15 180 0.8 175 1261036 7380 57
15 180 0.8 176 37256384 222300 56
15 180 0.8 177 16753680 96800 57
15 180 0.8 178 11674932 65520 57
15 180 0.8 179 88123638 510720 56
15 180 0.8 180 2945636 7850 58
15 180 0.8 181 14534902 73932 59
15 180 0.8 182 37672629 210600 58
15 180 0.8 183 740028 1680 57
15 180 0.8 184 1488324328 10029036 56
15 180 0.8 185 6891071408 42688332 55
15 180 0.8 186 108975817 439005 56
15 180 0.8 187 571809365 4338738 56
15 180 0.8 188 8294571488 50824960 55
15 180 0.8 189 1378664141 7578270 55
15 180 0.8 190 253526 1230 59
15 180 0.8 191 90612328 163392 55
15 180 0.8 192 22602180 90981 55
15 180 0.8 193 580377 144 56
15 180 0.8 194 562528610 1970328 54
15 180 0.8 195 4556 16 61
15 180 0.8 196 23331880 64000 55
15 180 0.8 197 207112716 1448208 57
15 180 0.8 198 3916925 7650 58
15 180 0.8 199 2609440 11040 56
15 180 0.8 200 21208464 133488 56
15 180 0.8 201 4514394 26208 58
15 180 0.8 202 1731030 4760 57
15 180 0.8 203 3622648 24288 58
15 180 0.8 204 211864504 1626498 57
15 180 0.8 205 750818 3584 58
15 180 0.8 206 19248272 24960 55
15 180 0.8 207 238355990 1799512 56
15 180 0.8 208 1056361209 6602364 55
15 180 0.8 209 121206116 720276 57
15 180 0.8 210 200966936 34560 55
15 180 0.8 211 2384284 3864 57
15 180 0.8 212 141258564 798472 56
15 180 0.8 213 3005302 14392 58
15 180 0.8 214 47272058 164088 57
15 180 0.8 215 1850154288 13944312 55
15 180 0.8 216 23369361 137700 57
15 180 0.8 217 691796272 4493952 56
15 180 0.8 218 12320128 54200 58
15 180 0.8 219 469486538 3191226 55
15 180 0.8 220 130578838 507000 56
15 180 0.8 221 12075506312 74776640 54
15 180 0.8 222 31461276 41040 56
15 180 0.8 223 2463399955 18133364 55
15 180 0.8 224 977544 3096 57
15 180 0.8 225 280310520 2086560 57
15 180 0.8 226 13452556 72782 57
15 180 0.8 227 556839287 3384694 55
15 180 0.8 228 18903111 96264 57
15 180 0.8 229 10637346 19440 56
15 180 0.8 230 7884339 9426 57
15 180 0.8 231 16547888196 106171660 55
15 180 0.8 232 46447691 226176 56
15 180 0.8 233 107420244 762360 56
15 180 0.8 234 27245483 136470 57
15 180 0.8 235 21243409088 203686944 55
15 180 0.8 236 2527620 14280 57
15 180 0.8 237 8150834 31872 57
15 180 0.8 238 3802652 6600 56
15 180 0.8 239 721263480 5680296 57
15 180 0.8 240 2333052 10800 57
15 180 0.8 241 3725297736 14280000 54
15 180 0.8 242 959114470 6813276 55
15 180 0.8 243 374473016 2519456 56
15 180 0.8 244 147264 192 57
15 180 0.8 245 482948 428 55
15 180 0.8 246 32061819592 230166128 55
15 180 0.8 247 12708406304 77318466 55
15 180 0.8 248 7399886 21828 56
15 180 0.8 249 8958012 37656 57
15 180 0.8 250 83740544 377952 57
15 180 0.8 251 11558536 24480 57
15 180 0.8 252 9539024 33792 57
15 180 0.8 253 153012021 923686 57
15 180 0.8 254 127113335326 1076008296 55
15 180 0.8 255 494176 2400 58
15 180 0.8 256 1245719 7386 59
15 180 0.8 257 565416373 4557552 57
15 180 0.8 258 28475632 116672 55
15 180 0.8 259 186158886 144040 54
15 180 0.8 260 80030970 544708 56
15 180 0.8 261 11355344 57600 57
15 180 0.8 262 3671288 4560 56
15 180 0.8 263 27045452 36900 56
15 180 0.8 264 1765798 10980 58
15 180 0.8 265 92854584 601776 56
15 180 0.8 266 64348268 371808 56
15 180 0.8 267 23421440 160704 57
15 180 0.8 268 451334269 3079476 56
15 180 0.8 269 395409188 2394184 56
15 180 0.8 270 13234488 26472 57
15 180 0.8 271 604980200 176580 56
15 180 0.8 272 136253 578 58
15 180 0.8 273 326328604 1642284 55
15 180 0.8 274 6824785259 41409624 54
15 180 0.8 275 245862504 1870080 57
15 180 0.8 276 240616 96 58
15 180 0.8 277 77782834 476532 56
15 180 0.8 278 1051991 780 58
15 180 0.8 279 3150172 12720 58
15 180 0.8 280 194532951 640896 57
15 180 0.8 281 11003499 26352 56
15 180 0.8 282 2739598 11760 56
15 180 0.8 283 174081310 887024 56
15 180 0.8 284 1467533876 8695736 56
15 180 0.8 285 277499628 850256 55
15 180 0.8 286 1655520787 13398414 55
15 180 0.8 287 6793956 31584 57
15 180 0.8 288 2247080 7566 57
15 180 0.8 289 4953438040 34349016 55
15 180 0.8 290 136491910 568700 56
15 180 0.8 291 247268224 761080 56
15 180 0.8 292 1956105 8880 57
15 180 0.8 293 1432870479 6180586 55
15 180 0.8 294 4030096572 30704224 55
15 180 0.8 295 4600901 12432 56
15 180 0.8 296 1792290 1720 56
15 180 0.8 297 55974658 5754 57
15 180 0.8 298 28103550 106272 57
15 180 0.8 299 3857056 2400 57
15 180 0.8 300 232452 1144 58
15 180 0.8 301 935917383 4982124 55
15 180 0.8 302 6979663005 50975136 55
15 180 0.8 303 33950058 233340 58
15 180 0.8 304 52516816 153504 56
15 180 0.8 305 9523282 50064 58
15 180 0.8 306 229082460 1372464 56
15 180 0.8 307 70348904 403152 56
15 180 0.8 308 45816906 279228 58
15 180 0.8 309 765387805 5718786 57
15 180 0.8 310 346464479 1670280 56
15 180 0.8 311 21078024 126108 56
15 180 0.8 312 28418000 159168 56
15 180 0.8 313 73910964 263800 56
15 180 0.8 314 1225221862 1155184 54
15 180 0.8 315 3400649910 21975576 55
15 180 0.8 316 154889314 115200 55
15 180 0.8 317 133375991 633460 56
15 180 0.8 318 112250936 401376 55
15 180 0.8 319 23543268 150120 58
15 180 0.8 320 102643888 512192 55
15 180 0.8 321 511174 2772 58
15 180 0.8 322 16152636 96768 57
15 180 0.8 323 96896310 641880 56
15 180 0.8 324 5766549 14400 56
15 180 0.8 325 683731997 5079720 56
15 180 0.8 326 107704220 747840 57
15 180 0.8 327 85341516 392112 57
15 180 0.8 328 26267783144 180019792 54
15 180 0.8 329 6700622 39960 58
15 180 0.8 330 290637 1530 58
15 180 0.8 331 1227138 6480 58
15 180 0.8 332 55697124 292456 57
15 180 0.8 333 2311971208 12136800 55
15 180 0.8 334 165524906 650320 55
15 180 0.8 335 20029785 114830 57
15 180 0.8 336 81426560 518400 56
15 180 0.8 337 204167060 807040 56
15 180 0.8 338 3257485966 19551256 55
15 180 0.8 339 186874632 1191632 56
15 180 0.8 340 2480985032 20466432 56
15 180 0.8 341 318246368 44288 55
15 180 0.8 342 2237824 11664 59
15 180 0.8 343 87961766 459042 56
15 180 0.8 344 27868458 180256 57
15 180 0.8 345 33926094 140616 56
15 180 0.8 346 46923121 97350 56
15 180 0.8 347 4890631674 32014480 55
15 180 0.8 348 34178070 188370 55
15 180 0.8 349 3033092 6912 56
15 180 0.8 350 66414572 240768 57
15 180 0.8 351 143995872 949596 56
15 180 0.8 352 2936580 10350 56
15 180 0.8 353 8951708 960 56
15 180 0.8 354 26026485304 137182944 53
15 180 0.8 355 1155859 7410 59
15 180 0.8 356 3238788424 18551544 55
15 180 0.8 357 45329418 7380 56
15 180 0.8 358 162122552 1165500 56
15 180 0.8 359 25369785480 190482408 55
15 180 0.8 360 27559 26 59
15 180 0.8 361 31694653 178173 58
15 180 0.8 362 30096920 106052 56
15 180 0.8 363 1346184 3888 57
15 180 0.8 364 77417163 271104 55
15 180 0.8 365 52912602 8768 56
15 180 0.8 366 111627014 669000 55
15 180 0.8 367 245660328 1550880 57
15 180 0.8 368 47347036 330696 57
15 180 0.8 369 9574880 23040 56
15 180 0.8 370 2140536890 16984296 56
15 180 0.8 371 10550444 48076 57
15 180 0.8 372 5855114 28800 59
15 180 0.8 373 269384 384 58
15 180 0.8 374 47004980 286992 58
15 180 0.8 375 1788419 9944 59
15 180 0.8 376 23407462 71208 57
15 180 0.8 377 185076128 827840 56
15 180 0.8 378 38326152 177536 56
15 180 0.8 379 430252200 2336000 55
15 180 0.8 380 1226379 7509 58
15 180 0.8 381 1256510 5328 58
15 180 0.8 382 180756328 1181340 57
15 180 0.8 383 3837000022 23275920 56
15 180 0.8 384 2674654610 20906040 55
15 180 0.8 385 26129340 150444 57
15 180 0.8 386 10604376 47184 55
15 180 0.8 387 26610096 185024 58
15 180 0.8 388 6263816 35334 57
15 180 0.8 389 7018596 23292 56
15 180 0.8 390 79483962 508212 56
15 180 0.8 391 3589013464 30063024 56
15 180 0.8 392 1904564 714 57
15 180 0.8 393 86360596 440480 56
15 180 0.8 394 9926096 2160 55
15 180 0.8 395 329937420 2141124 56
15 180 0.8 396 491815048 3208688 56
15 180 0.8 397 12957959109 64263248 54
15 180 0.8 398 7030456 31152 57
15 180 0.8 399 177064 352 57
15 180 0.8 400 10444647 62424 56
15 180 0.8 401 139445456 898560 57
15 180 0.8 402 290204008 1791840 56
15 180 0.8 403 113256 312 58
15 180 0.8 404 155273112 767552 55
15 180 0.8 405 27232464 6816 58
15 180 0.8 406 391056264 3158288 56
15 180 0.8 407 2070964 4800 57
15 180 0.8 408 17685638 117594 58
15 180 0.8 409 260160 1296 59
15 180 0.8 410 10526047260 77466896 55
15 180 0.8 411 2275576764 15307200 54
15 180 0.8 412 42214362 287331 58
15 180 0.8 413 355041182 146578 55
15 180 0.8 414 2034728 10416 57
15 180 0.8 415 69462216 234688 55
15 180 0.8 416 75182451 405300 56
15 180 0.8 417 1145082271 8301600 55
15 180 0.8 418 5032510 615 57
15 180 0.8 419 14293380 82113 57
15 180 0.8 420 538033364 1816800 55
15 180 0.8 421 3942464 656 57
15 180 0.8 422 1864436 9992 58
15 180 0.8 423 5636480 19440 55
15 180 0.8 424 105559866 431986 56
15 180 0.8 425 3735301742 29000244 56
15 180 0.8 426 124420719 415728 56
15 180 0.8 427 463961117 1904592 56
15 180 0.8 428 53803840 65416 55
15 180 0.8 429 2337368 3552 56
15 180 0.8 430 2805751124 17950848 55
15 180 0.8 431 23680130 38376 56
15 180 0.8 432 1483650 9348 59
15 180 0.8 433 47956512 234624 56
15 180 0.8 434 2923270688 11435232 55
15 180 0.8 435 24064 112 58
15 180 0.8 436 3172654 8280 57
15 180 0.8 437 710103568 4284208 56
15 180 0.8 438 20729065 57874 56
15 180 0.8 439 724116 2754 56
15 180 0.8 440 237929876 1304240 56
15 180 0.8 441 5195252 15164 57
15 180 0.8 442 108019335 9733 55
15 180 0.8 443 370909100 1716400 55
15 180 0.8 444 113104 128 58
15 180 0.8 445 1854144 10464 57
15 180 0.8 446 128153 656 58
15 180 0.8 447 632664 2268 58
15 180 0.8 448 62576542 309012 57
15 180 0.8 449 175429178 1012272 56
15 180 0.8 450 121571670 842400 57
15 180 0.8 451 680537 1986 57
15 180 0.8 452 334294359 2104596 56
15 180 0.8 453 9536728 25984 57
15 180 0.8 454 11461674 52200 57
15 180 0.8 455 3122350774 21382112 56
15 180 0.8 456 10818816 41770 57
15 180 0.8 457 55270537 251790 57
15 180 0.8 458 3294376 20064 58
15 180 0.8 459 53179184 87200 56
15 180 0.8 460 63221362 315624 55
15 180 0.8 461 2882872 13440 57
15 180 0.8 462 3465416 3168 57
15 180 0.8 463 436920244 2624860 54
15 180 0.8 464 431535146 2547336 56
15 180 0.8 465 2851211807 24159580 56
15 180 0.8 466 143229602 884226 55
15 180 0.8 467 4430936 16800 57
15 180 0.8 468 1053919 4342 57
15 180 0.8 469 164601288 995088 56
15 180 0.8 470 10505676 33600 56
15 180 0.8 471 1580594 8172 58
15 180 0.8 472 11552320 41004 56
15 180 0.8 473 2795672 7104 56
15 180 0.8 474 5442388 10580 58
15 180 0.8 475 2522672 8944 57
15 180 0.8 476 319691322 1140192 56
15 180 0.8 477 45695308 140352 56
15 180 0.8 478 7202500 46816 57
15 180 0.8 479 98847876 90288 56
15 180 0.8 480 64180408 155472 56
15 180 0.8 481 12178563712 71108640 55
15 180 0.8 482 2825946 14904 59
15 180 0.8 483 814144080 4017600 55
15 180 0.8 484 14051960 77824 57
15 180 0.8 485 138627916 698448 55
15 180 0.8 486 75851630 518234 57
15 180 0.8 487 84869110 530640 57
15 180 0.8 488 232650172 1449888 56
15 180 0.8 489 1001573965501 8755017450 53
15 180 0.8 490 36873092472 292255104 54
15 180 0.8 491 1580800 7840 58
15 180 0.8 492 4807508 27408 57
15 180 0.8 493 346860 72 57
15 180 0.8 494 7654932 7920 54
15 180 0.8 495 234165616 1718280 56
15 180 0.8 496 48179716 34464 55
15 180 0.8 497 3113332496 21500500 55
15 180 0.8 498 2078422180 8670528 54
15 180 0.8 499 29946431810 222472758 54
15 180 0.8 500 210528 900 58
15 180 0.8 501 5.11769756e8 2.716186e6 55
15 180 0.8 502 976574.0 2156.0 57
15 180 0.8 503 1.20505764e8 692118.0 56
15 180 0.8 504 6.6279636e7 360315.0 56
15 180 0.8 505 2.36687936e8 772960.0 55
15 180 0.8 506 2.599334964e9 1.4573456e7 55
15 180 0.8 507 1.3827770332e10 9.8012544e7 54
15 180 0.8 508 7.31825802e8 5.260624e6 56
15 180 0.8 509 1.2064845e7 23012.0 56
15 180 0.8 510 2.3131894016e10 2.02678848e8 55
15 180 0.8 511 7.1716518e7 565056.0 57
15 180 0.8 512 8.767430086e9 4.7625848e7 54
15 180 0.8 513 9.09373118e8 5.807076e6 56
15 180 0.8 514 4.61779921e9 2.5677432e7 55
15 180 0.8 515 8.0323496e7 430176.0 57
15 180 0.8 516 1.369609944e9 8.718576e6 56
15 180 0.8 517 4.108647e6 17640.0 57
15 180 0.8 518 1.1504222e7 46320.0 54
15 180 0.8 519 1.228252e6 2688.0 57
15 180 0.8 520 267376.0 1488.0 59
15 180 0.8 521 5.1349755948e10 4.66318152e8 55
15 180 0.8 522 7.293322e6 41652.0 56
15 180 0.8 523 1.407836e6 8474.0 58
15 180 0.8 524 2.1541888e7 82416.0 56
15 180 0.8 525 1.00173178e8 587664.0 56
15 180 0.8 526 9.7996982e7 417740.0 57
15 180 0.8 527 9.94372e6 63984.0 58
15 180 0.8 528 1.8649544e7 110024.0 56
15 180 0.8 529 2.4190868053e10 2.14448022e8 55
15 180 0.8 530 2.175656e7 64752.0 56
15 180 0.8 531 2.80896e6 14130.0 56
15 180 0.8 532 4.596216e6 17712.0 57
15 180 0.8 533 3.5991952e7 177504.0 56
15 180 0.8 534 1.728885782e9 1.1976318e7 56
15 180 0.8 535 3.5370976e7 181724.0 56
15 180 0.8 536 1.3054092e7 68202.0 57
15 180 0.8 537 2.4592346e8 867383.0 56
15 180 0.8 538 1.3027824e7 31104.0 57
15 180 0.8 539 376919.0 780.0 58
15 180 0.8 540 3.46428e6 14592.0 57
15 180 0.8 541 4.07667192e8 2.384928e6 56
15 180 0.8 542 4.880022e8 2.739288e6 55
15 180 0.8 543 365164.0 1302.0 58
15 180 0.8 544 5.5230192e7 323712.0 57
15 180 0.8 545 2.16516e6 9240.0 58
15 180 0.8 546 1.1709087e8 304518.0 55
15 180 0.8 547 1.438139187e9 6.981708e6 55
15 180 0.8 548 5.9199848e7 151520.0 56
15 180 0.8 549 3.672848e6 14832.0 58
15 180 0.8 550 697884.0 3280.0 58
15 180 0.8 551 1.625420124e9 1.053864e7 55
15 180 0.8 552 2.983712e6 10656.0 57
15 180 0.8 553 1.9227116e7 73968.0 56
15 180 0.8 554 691412.0 2736.0 57
15 180 0.8 555 4.56667126e8 2.622224e6 55
15 180 0.8 556 2.627476e6 15468.0 58
15 180 0.8 557 1.239273e6 5874.0 57
15 180 0.8 558 2.1821212e7 123968.0 56
15 180 0.8 559 1.40960864e8 1.018408e6 57
15 180 0.8 560 767476.0 2832.0 57
15 180 0.8 561 867132.0 2880.0 58
15 180 0.8 562 112360.0 480.0 57
15 180 0.8 563 8.857698e6 48198.0 58
15 180 0.8 564 3.598995584e9 2.3136276e7 55
15 180 0.8 565 2.229188e6 5096.0 56
15 180 0.8 566 4.560414e6 7092.0 57
15 180 0.8 567 7.3507704e7 328320.0 56
15 180 0.8 568 1.4612112e7 62064.0 56
15 180 0.8 569 3.4562436e7 43092.0 57
15 180 0.8 570 5.95287374e8 3.550892e6 56
15 180 0.8 571 4.8349668932e10 4.21512144e8 55
15 180 0.8 572 1.11806616e8 456000.0 55
15 180 0.8 573 9488.0 32.0 59
15 180 0.8 574 7.2582672e7 176160.0 57
15 180 0.8 575 2.50362e6 12000.0 57
15 180 0.8 576 778896.0 3600.0 57
15 180 0.8 577 3.1900158e7 163112.0 57
15 180 0.8 578 6.60962339e8 4.550472e6 55
15 180 0.8 579 110375.0 500.0 58
15 180 0.8 580 790128.0 4024.0 59
15 180 0.8 581 3.571118994e9 2.3772232e7 55
15 180 0.8 582 511412.0 2296.0 59
15 180 0.8 583 3.9898122e7 255852.0 57
15 180 0.8 584 2.91628824e8 10080.0 55
15 180 0.8 585 208790.0 362.0 57
15 180 0.8 586 3.0874824e7 162240.0 57
15 180 0.8 587 1.63215872e8 1.008528e6 56
15 180 0.8 588 127816.0 448.0 58
15 180 0.8 589 1.575273678e9 1.1630421e7 56
15 180 0.8 590 1.06896461e9 7.062504e6 55
15 180 0.8 591 3.50861857e8 2.332422e6 56
15 180 0.8 592 1.3131836e8 711184.0 57
15 180 0.8 593 1.176905544e9 4.286464e6 56
15 180 0.8 594 6.151237e6 6786.0 56
15 180 0.8 595 2.9994196e7 15360.0 55
15 180 0.8 596 3.464848e6 4816.0 57
15 180 0.8 597 2.5615601e8 1.209904e6 56
15 180 0.8 598 1.455255e6 3564.0 57
15 180 0.8 599 7.96272531e8 2.3621e6 54
15 180 0.8 600 1.1247e6 2400.0 58
15 180 0.8 601 2.582095572e9 1.6874432e7 55
15 180 0.8 602 1.0404042e7 30132.0 56
15 180 0.8 603 1.7278264e8 591384.0 55
15 180 0.8 604 134650.0 180.0 58
15 180 0.8 605 2.9470696e7 187200.0 57
15 180 0.8 606 7.91699356e8 5.681664e6 56
15 180 0.8 607 2.061236e6 7544.0 56
15 180 0.8 608 1.5014817e8 884376.0 56
15 180 0.8 609 4.55280872e8 3.371532e6 58
15 180 0.8 610 8.864824e7 419700.0 55
15 180 0.8 611 627841.0 1110.0 56
15 180 0.8 612 2.497348e6 10500.0 57
15 180 0.8 613 4.398855e7 243780.0 56
15 180 0.8 614 2.1082665087e10 1.47432748e8 55
15 180 0.8 615 253504.0 800.0 59
15 180 0.8 616 2.997868e7 103872.0 56
15 180 0.8 617 7.992072e7 473040.0 57
15 180 0.8 618 1.435596e6 9222.0 59
15 180 0.8 619 1.429364134e9 8.31366e6 55
15 180 0.8 620 2.7209336e7 138024.0 57
15 180 0.8 621 6.023776e6 20160.0 58
15 180 0.8 622 2.12832349e8 1.430948e6 55
15 180 0.8 623 298812.0 1656.0 58
15 180 0.8 624 1.60078448e8 1.0464e6 56
15 180 0.8 625 1.28869728e8 745984.0 55
15 180 0.8 626 2.770531821e9 1.6603092e7 55
15 180 0.8 627 6.686212e6 34308.0 57
15 180 0.8 628 1.4267192e7 53152.0 56
15 180 0.8 629 1.05005772e8 106844.0 55
15 180 0.8 630 796276.0 3920.0 57
15 180 0.8 631 3.3385776e7 129216.0 56
15 180 0.8 632 6.76696728e8 4.374e6 56
15 180 0.8 633 8.062552e6 12288.0 57
15 180 0.8 634 1.243470857e9 8.587941e6 56
15 180 0.8 635 1.06974740699e11 9.24094992e8 54
15 180 0.8 636 4.623528e6 18480.0 56
15 180 0.8 637 7.4564262e7 193600.0 55
15 180 0.8 638 4.35023e6 24240.0 59
15 180 0.8 639 2.82811183e8 674490.0 55
15 180 0.8 640 1.13729526e8 387828.0 55
15 180 0.8 641 4.71568e6 22800.0 58
15 180 0.8 642 6.4334816e7 340896.0 57
15 180 0.8 643 2.579721358e9 1.49988e7 55
15 180 0.8 644 7.644008e6 24480.0 56
15 180 0.8 645 2.331672e6 12672.0 58
15 180 0.8 646 2.0950498e7 89880.0 56
15 180 0.8 647 2.7010742e7 48576.0 56
15 180 0.8 648 2.091720542e9 4.699584e6 55
15 180 0.8 649 7.76544676e8 2.096784e6 54
15 180 0.8 650 4.126256e6 15360.0 56
15 180 0.8 651 1.840431358e9 1.081148e7 56
15 180 0.8 652 4.48821168e8 2.3838e6 56
15 180 0.8 653 1.6918908e7 101882.0 57
15 180 0.8 654 2.329613e6 9102.0 57
15 180 0.8 655 3.8121056e8 1.674624e6 56
15 180 0.8 656 2.008324e6 11378.0 59
15 180 0.8 657 646848.0 2688.0 59
15 180 0.8 658 1.1574198e7 63040.0 57
15 180 0.8 659 150141.0 576.0 59
15 180 0.8 660 6.20705824e8 2.70424e6 56
15 180 0.8 661 2.63214124e8 1.5788e6 57
15 180 0.8 662 1.04299538e8 329364.0 56
15 180 0.8 663 3.1460974e7 181764.0 57
15 180 0.8 664 1.2498735e7 45600.0 57
15 180 0.8 665 167316.0 624.0 57
15 180 0.8 666 1.1761651e7 49740.0 56
15 180 0.8 667 7.15578688e8 4.37664e6 55
15 180 0.8 668 2.8107788e7 114432.0 57
15 180 0.8 669 1.16255508e8 433296.0 57
15 180 0.8 670 2.8958179e7 187641.0 58
15 180 0.8 671 1.193272e6 3744.0 58
15 180 0.8 672 2.515364e6 8064.0 57
15 180 0.8 673 1.63277472e8 913664.0 57
15 180 0.8 674 5.8185384e7 144648.0 56
15 180 0.8 675 6.71989088e8 3.432512e6 55
15 180 0.8 676 1.270844e6 6240.0 58
15 180 0.8 677 1.315068e6 5572.0 58
15 180 0.8 678 3.8102074928e10 2.22225896e8 54
15 180 0.8 679 2.4098593e7 104232.0 57
15 180 0.8 680 3.29834056e8 1.426544e6 55
15 180 0.8 681 2.7815645e7 70650.0 56
15 180 0.8 682 861944.0 1792.0 57
15 180 0.8 683 4.4073384e7 175992.0 56
15 180 0.8 684 5.024212e6 28908.0 57
15 180 0.8 685 4.72995e8 2.777408e6 56
15 180 0.8 686 8.76206734e8 6.00749e6 56
15 180 0.8 687 2.414636e6 16104.0 57
15 180 0.8 688 653952.0 1728.0 56
15 180 0.8 689 1.11405864e8 337984.0 55
15 180 0.8 690 2.23938996e8 949536.0 55
15 180 0.8 691 2.1505139e7 109520.0 57
15 180 0.8 692 3.367104e6 14932.0 57
15 180 0.8 693 8.2634204e7 365056.0 55
15 180 0.8 694 5.74558877e8 4.4541e6 56
15 180 0.8 695 2.01299992e8 1.441872e6 55
15 180 0.8 696 9.8415268e7 625440.0 57
15 180 0.8 697 1.7197504e7 62076.0 55
15 180 0.8 698 3.3944224e7 116352.0 57
15 180 0.8 699 2.0467698e7 72216.0 55
15 180 0.8 700 2.5147472e7 137392.0 57
15 180 0.8 701 3.1921392e7 168768.0 57
15 180 0.8 702 3.0415522e8 2.204928e6 57
15 180 0.8 703 2.813952e6 13680.0 57
15 180 0.8 704 2.0777046e7 94488.0 56
15 180 0.8 705 4.77057284e8 2.99068e6 57
15 180 0.8 706 4.063542e6 13266.0 57
15 180 0.8 707 31456.0 96.0 57
15 180 0.8 708 2.75876868e8 1.626136e6 56
15 180 0.8 709 1.0046693e7 24702.0 58
15 180 0.8 710 116820.0 360.0 58
15 180 0.8 711 59544.0 224.0 58
15 180 0.8 712 1.970928e6 11860.0 58
15 180 0.8 713 4.713818316e9 4.0331422e7 56
15 180 0.8 714 1.494042176e9 1.0395808e7 55
15 180 0.8 715 1.472039e6 8664.0 58
15 180 0.8 716 3.0198009e7 161784.0 58
15 180 0.8 717 5.7563421e7 104508.0 55
15 180 0.8 718 1.85340979e8 1.271448e6 57
15 180 0.8 719 6.1119896e7 384384.0 57
15 180 0.8 720 4.677072e6 12960.0 56
15 180 0.8 721 5.893520511e9 5.01877e7 56
15 180 0.8 722 3.77672648e8 2.34926e6 56
15 180 0.8 723 2.1494978e8 1.401036e6 57
15 180 0.8 724 357784.0 856.0 57
15 180 0.8 725 2.32219854e8 1.747232e6 58
15 180 0.8 726 69416.0 240.0 58
15 180 0.8 727 5.29666298e8 3.039188e6 56
15 180 0.8 728 2.29355664e8 779520.0 55
15 180 0.8 729 5.41820448e8 3.64952e6 56
15 180 0.8 730 1.33342e6 1680.0 56
15 180 0.8 731 1.1735546e7 58916.0 56
15 180 0.8 732 1.484712e6 6480.0 57
15 180 0.8 733 1.66746534e8 1.04916e6 56
15 180 0.8 734 3.069986e6 10680.0 58
15 180 0.8 735 1.4438124e7 77976.0 56
15 180 0.8 736 88698.0 108.0 57
15 180 0.8 737 9.21109107e8 6.137691e6 55
15 180 0.8 738 1.072721034e9 6.15996e6 55
15 180 0.8 739 1.06436398e8 635628.0 57
15 180 0.8 740 8.491393e6 34272.0 57
15 180 0.8 741 5.144020549e9 3.6642324e7 55
15 180 0.8 742 724257.0 4185.0 59
15 180 0.8 743 1.4244535e7 65100.0 57
15 180 0.8 744 1.523772e6 2790.0 57
15 180 0.8 745 2.3500953e7 4104.0 55
15 180 0.8 746 2.070008e6 2688.0 56
15 180 0.8 747 2.283214e7 88872.0 56
15 180 0.8 748 5.510582e6 1372.0 56
15 180 0.8 749 5.69302e6 30420.0 57
15 180 0.8 750 3.058378e7 109760.0 56
15 180 0.8 751 7.022968e6 33108.0 56
15 180 0.8 752 6.7060226e7 385368.0 56
15 180 0.8 753 2.925624e6 13248.0 57
15 180 0.8 754 4.7938968e7 246888.0 55
15 180 0.8 755 2.274132e6 7392.0 56
15 180 0.8 756 2.367346e6 8640.0 57
15 180 0.8 757 3.50178992e8 1.830464e6 55
15 180 0.8 758 4.169244e6 4176.0 56
15 180 0.8 759 3.259416e6 8640.0 57
15 180 0.8 760 1.39949144e8 765840.0 56
15 180 0.8 761 1.6514437e8 212256.0 54
15 180 0.8 762 1.3360186e7 49140.0 56
15 180 0.8 763 8.953922e6 49980.0 57
15 180 0.8 764 9.6108176e7 568320.0 57
15 180 0.8 765 1.48801024e8 172560.0 54
15 180 0.8 766 8.006096e6 47280.0 58
15 180 0.8 767 1.2799323e7 57834.0 57
15 180 0.8 768 88662.0 400.0 60
15 180 0.8 769 2.5326654e7 48672.0 57
15 180 0.8 770 2.805844e6 17960.0 58
15 180 0.8 771 9.849924e6 58848.0 58
15 180 0.8 772 1.605096e6 6768.0 58
15 180 0.8 773 1.211825196e9 3.482064e6 55
15 180 0.8 774 6.942015e6 34560.0 56
15 180 0.8 775 1.67312092e8 783871.0 55
15 180 0.8 776 1.5045724e8 932600.0 57
15 180 0.8 777 3.13722663e8 1.893249e6 56
15 180 0.8 778 4.746524e6 17680.0 56
15 180 0.8 779 6.020956e6 31736.0 57
15 180 0.8 780 1.66383884e8 804600.0 56
15 180 0.8 781 1.43037564e8 715968.0 55
15 180 0.8 782 2.46516e7 187040.0 59
15 180 0.8 783 4.504414536e9 2.6957664e7 54
15 180 0.8 784 2.85243552e8 988640.0 56
15 180 0.8 785 4.53830288e8 1.477112e6 56
15 180 0.8 786 1.12216396e8 538124.0 56
15 180 0.8 787 1.1151584e7 64746.0 58
15 180 0.8 788 4.5142464e7 288000.0 57
15 180 0.8 789 2.4572658e7 157140.0 58
15 180 0.8 790 1.85722026e8 1.311009e6 57
15 180 0.8 791 8.5908714e7 548316.0 56
15 180 0.8 792 3.7068912e7 124416.0 56
15 180 0.8 793 2.47955304e8 288415.0 55
15 180 0.8 794 5.85035e6 15560.0 56
15 180 0.8 795 3.20258784e9 1.7435024e7 54
15 180 0.8 796 8.85542e6 42744.0 57
15 180 0.8 797 2.69986821e8 1.225083e6 56
15 180 0.8 798 3.2309984e7 149408.0 56
15 180 0.8 799 1.01902e9 7.524288e6 56
15 180 0.8 800 1.192818437e9 7.974666e6 56
15 180 0.8 801 649415.0 2153.0 57
15 180 0.8 802 1.21609276e8 60784.0 55
15 180 0.8 803 1.6364348e7 62264.0 55
15 180 0.8 804 5.01797046e8 3.119616e6 56
15 180 0.8 805 143752.0 672.0 59
15 180 0.8 806 3.5957368e7 166080.0 55
15 180 0.8 807 37946.0 146.0 59
15 180 0.8 808 9.89052912e8 4.616192e6 56
15 180 0.8 809 1.2343185e7 57870.0 57
15 180 0.8 810 2.8839892e7 28896.0 57
15 180 0.8 811 1.382242e7 53072.0 56
15 180 0.8 812 52584.0 72.0 57
15 180 0.8 813 1.7852205e7 118834.0 58
15 180 0.8 814 70640.0 324.0 59
15 180 0.8 815 103270.0 252.0 57
15 180 0.8 816 1.200511e6 3780.0 57
15 180 0.8 817 334064.0 720.0 57
15 180 0.8 818 3.03608086e8 1.7385e6 55
15 180 0.8 819 3.6141026e7 68775.0 57
15 180 0.8 820 2.59227312e8 193024.0 55
15 180 0.8 821 9.5193615e7 493803.0 57
15 180 0.8 822 5.5623096e8 2.611492e6 55
15 180 0.8 823 5.1389117e7 216550.0 56
15 180 0.8 824 3.9211292e7 40656.0 57
15 180 0.8 825 1605.0 4.0 60
15 180 0.8 826 1.40970005e8 862676.0 56
15 180 0.8 827 1.539828e6 8200.0 58
15 180 0.8 828 6.6881352e7 69504.0 55
15 180 0.8 829 1.30402128e8 884632.0 56
15 180 0.8 830 3.675846e6 13356.0 58
15 180 0.8 831 2.5897894e7 149820.0 57
15 180 0.8 832 2.83219278e8 763464.0 55
15 180 0.8 833 1.87355511e8 330372.0 55
15 180 0.8 834 6.3970729292e10 5.81985628e8 54
15 180 0.8 835 6.16458e6 14280.0 57
15 180 0.8 836 6.976822e7 43344.0 55
15 180 0.8 837 1.25396964e8 614304.0 55
15 180 0.8 838 732430.0 4052.0 59
15 180 0.8 839 4.1828416e7 149760.0 56
15 180 0.8 840 3.233133e6 6426.0 56
15 180 0.8 841 2.124704008e9 1.3160912e7 55
15 180 0.8 842 3.27109496e8 2.141376e6 56
15 180 0.8 843 2.420044e6 14040.0 58
15 180 0.8 844 1.31004314e8 676767.0 56
15 180 0.8 845 3.9725937e7 151308.0 56
15 180 0.8 846 1.12077e7 72576.0 57
15 180 0.8 847 3.531935372e9 1.210944e7 54
15 180 0.8 848 9.324696e6 12936.0 55
15 180 0.8 849 2.393391e6 13068.0 59
15 180 0.8 850 5.137584828e10 3.38053264e8 53
15 180 0.8 851 1.91865e7 136512.0 56
15 180 0.8 852 1.8606729e7 113443.0 56
15 180 0.8 853 9.53836564e8 320448.0 55
15 180 0.8 854 3.3008261847e10 2.56878927e8 55
15 180 0.8 855 2.666148e6 6292.0 57
15 180 0.8 856 1.085644e6 3084.0 57
15 180 0.8 857 429329.0 498.0 58
15 180 0.8 858 5.48043072e8 3.260544e6 56
15 180 0.8 859 8.156018e6 43440.0 57
15 180 0.8 860 9.567148e6 39816.0 57
15 180 0.8 861 234715.0 1133.0 59
15 180 0.8 862 1.5819204e7 51312.0 55
15 180 0.8 863 6.17557896e8 2.64384e6 55
15 180 0.8 864 2.593417633e9 1.627858e7 55
15 180 0.8 865 1.281894e6 5520.0 59
15 180 0.8 866 8.7708182e7 667692.0 57
15 180 0.8 867 1.483092e6 3576.0 56
15 180 0.8 868 371260.0 768.0 56
15 180 0.8 869 1.16992e6 6216.0 58
15 180 0.8 870 1.6483156e7 19170.0 56
15 180 0.8 871 3.2161566e7 61632.0 55
15 180 0.8 872 1.63474314e9 1.102848e7 56
15 180 0.8 873 1.03544359e8 312630.0 56
15 180 0.8 874 1.66018e7 85000.0 57
15 180 0.8 875 1.7695080409e10 1.28736256e8 54
15 180 0.8 876 3.8505696e7 219960.0 56
15 180 0.8 877 3.382112e6 20016.0 58
15 180 0.8 878 2.043962874e9 1.4157936e7 55
15 180 0.8 879 253982.0 1428.0 58
15 180 0.8 880 3.4173676e7 171336.0 57
15 180 0.8 881 3.113088392e9 1.9214016e7 54
15 180 0.8 882 2.329472e6 14400.0 58
15 180 0.8 883 2.9394288e7 161200.0 57
15 180 0.8 884 8.09756858e8 5.427304e6 55
15 180 0.8 885 1.319213e7 84980.0 57
15 180 0.8 886 1.7606268e7 60480.0 57
15 180 0.8 887 826700.0 3390.0 56
15 180 0.8 888 9.94686156e8 4.58054e6 55
15 180 0.8 889 5.8285308e7 239460.0 57
15 180 0.8 890 4.794605532e9 1.6219264e7 53
15 180 0.8 891 7.12401005e8 5.364405e6 56
15 180 0.8 892 9.26304447e8 6.620778e6 55
15 180 0.8 893 266736.0 960.0 57
15 180 0.8 894 7.9256353e8 5.101848e6 55
15 180 0.8 895 5.75135758e8 3.627132e6 56
15 180 0.8 896 6.5618162e7 388738.0 57
15 180 0.8 897 4.02375836e8 2.580292e6 55
15 180 0.8 898 2.3607186e7 138840.0 57
15 180 0.8 899 8292.0 32.0 60
15 180 0.8 900 5.261334e6 15448.0 57
15 180 0.8 901 933084.0 3708.0 58
15 180 0.8 902 1.762276174e9 1.1361528e7 56
15 180 0.8 903 4.6712464e7 245520.0 56
15 180 0.8 904 1.168551992e9 4.030096e6 54
15 180 0.8 905 628542.0 2304.0 58
15 180 0.8 906 3.71224848e8 931616.0 55
15 180 0.8 907 49592.0 192.0 58
15 180 0.8 908 1.4759544e8 1.002348e6 57
15 180 0.8 909 382112.0 800.0 59
15 180 0.8 910 1.2541338e7 35256.0 57
15 180 0.8 911 2.118532e6 8802.0 58
15 180 0.8 912 268062.0 864.0 58
15 180 0.8 913 6.04658937e8 4.00732e6 56
15 180 0.8 914 9.3794995813e10 7.24441126e8 53
15 180 0.8 915 3.25616141e9 1.7573332e7 55
15 180 0.8 916 7.56338756e8 5.888238e6 56
15 180 0.8 917 8.09922e7 427680.0 56
15 180 0.8 918 3.5077764e7 179642.0 55
15 180 0.8 919 5.5158848e7 83328.0 55
15 180 0.8 920 1.1474537e7 65760.0 59
15 180 0.8 921 3.995332e6 21840.0 59
15 180 0.8 922 532785.0 2934.0 59
15 180 0.8 923 2.944554e6 19296.0 58
15 180 0.8 924 1.019281646e9 2.070957e6 55
15 180 0.8 925 3.62698828e8 1.841614e6 56
15 180 0.8 926 2.246051434e9 1.4620476e7 55
15 180 0.8 927 1.026903e6 2700.0 57
15 180 0.8 928 2.070766e6 11720.0 58
15 180 0.8 929 2.81317976e8 1.526112e6 56
15 180 0.8 930 7.651076278e9 5.5621396e7 54
15 180 0.8 931 2.6092472e7 183600.0 57
15 180 0.8 932 1.00489075e8 240728.0 56
15 180 0.8 933 1.0740209e7 16840.0 56
15 180 0.8 934 1.00072116519e11 6.95018586e8 55
15 180 0.8 935 2.60966458e8 982668.0 55
15 180 0.8 936 1.822317e6 9504.0 58
15 180 0.8 937 1.7349684e7 26772.0 56
15 180 0.8 938 5.814746e6 26964.0 57
15 180 0.8 939 7.12193126e8 1.415428e6 54
15 180 0.8 940 4.05177457e8 2.823844e6 55
15 180 0.8 941 1.0946092e7 57216.0 56
15 180 0.8 942 3.140372e6 16800.0 57
15 180 0.8 943 6.8638344e7 418880.0 58
15 180 0.8 944 2.0339637e7 144810.0 57
15 180 0.8 945 2.104734056e9 6.19884e6 55
15 180 0.8 946 4.362734e6 22488.0 59
15 180 0.8 947 6.5092278e8 3.8096e6 56
15 180 0.8 948 3.7981737e7 175080.0 55
15 180 0.8 949 1.421234e6 36.0 58
15 180 0.8 950 2.812002426e9 1.9657443e7 55
15 180 0.8 951 3.390812448e9 2.5776088e7 55
15 180 0.8 952 1.89535932e8 796608.0 56
15 180 0.8 953 1.93134367e8 1.182212e6 55
15 180 0.8 954 1.00675969717e11 9.21380678e8 54
15 180 0.8 955 4.7330284e7 303120.0 57
15 180 0.8 956 9.5799088e7 640752.0 56
15 180 0.8 957 564695.0 1020.0 57
15 180 0.8 958 1.31515344e8 328320.0 54
15 180 0.8 959 1.2761056e7 62720.0 58
15 180 0.8 960 6.6729472e7 460208.0 56
15 180 0.8 961 3.147650524e9 1.464576e7 55
15 180 0.8 962 1.991627e8 1.010256e6 55
15 180 0.8 963 1.5942181e7 8058.0 56
15 180 0.8 964 1.7635988e8 111744.0 54
15 180 0.8 965 1.252728e7 68544.0 58
15 180 0.8 966 9.836616e6 54720.0 58
15 180 0.8 967 8.59782e6 30240.0 56
15 180 0.8 968 1.238288e6 720.0 57
15 180 0.8 969 9.54349808e8 6.954364e6 56
15 180 0.8 970 8.1053401e7 446406.0 56
15 180 0.8 971 1.072016e6 3600.0 58
15 180 0.8 972 1.409742e6 2264.0 56
15 180 0.8 973 7.728552e6 22644.0 57
15 180 0.8 974 263074.0 748.0 57
15 180 0.8 975 1.557383692e9 4.063184e6 56
15 180 0.8 976 1.0767678e7 55728.0 56
15 180 0.8 977 5.309024e6 10560.0 57
15 180 0.8 978 3.9249042e7 52758.0 54
15 180 0.8 979 2.466025392e9 1.090368e7 55
15 180 0.8 980 586291.0 2664.0 58
15 180 0.8 981 1.405117e6 8958.0 60
15 180 0.8 982 5.6000056e7 382752.0 56
15 180 0.8 983 3.852576e6 17736.0 57
15 180 0.8 984 4.091968e6 20616.0 58
15 180 0.8 985 1.993398e7 114608.0 57
15 180 0.8 986 3.566335e6 21434.0 58
15 180 0.8 987 790144.0 2336.0 57
15 180 0.8 988 1.68868067e8 1.033008e6 56
15 180 0.8 989 1.2921728e7 75240.0 57
15 180 0.8 990 4.9102296e7 295504.0 57
15 180 0.8 991 1.992716e7 109620.0 57
15 180 0.8 992 1.755034552e9 1.0633216e7 55
15 180 0.8 993 294096.0 784.0 58
15 180 0.8 994 4.624188e6 14520.0 57
15 180 0.8 995 2.4033986052e10 1.606242e8 54
15 180 0.8 996 1.508818024e9 8.456704e6 55
15 180 0.8 997 1.32576e6 2304.0 57
15 180 0.8 998 3.028984e6 19200.0 59
15 180 0.8 999 4.995528e6 14048.0 58
15 180 0.8 1000 5.616546e6 29488.0 57
