L N d seed D_(MIS-1) D_MIS MIS
17 231 0.8 0 172933781976 744580512 69
17 231 0.8 1 611287168 1449984 71
17 231 0.8 2 67825110 291600 74
17 231 0.8 3 12439583152 7782016 70
17 231 0.8 4 43914038525 183586516 70
17 231 0.8 5 98100576 235872 73
17 231 0.8 6 401887782302 883474320 70
17 231 0.8 7 149742168 736320 74
17 231 0.8 8 38393786552 215298160 73
17 231 0.8 9 223200596 1123104 73
17 231 0.8 10 57058265790 361024720 72
17 231 0.8 11 465822311880 392655760 67
17 231 0.8 12 142689168 26400 72
17 231 0.8 13 2893145760 10984896 71
17 231 0.8 14 300994320 1415412 73
17 231 0.8 15 2558253588 12660992 73
17 231 0.8 16 845363814 4130808 73
17 231 0.8 17 46252416 119808 71
17 231 0.8 18 809174912 3706248 71
17 231 0.8 19 6853496 4752 73
17 231 0.8 20 3355393104 16095072 72
17 231 0.8 21 369112052 1047232 71
17 231 0.8 22 85822424356 281105024 70
17 231 0.8 23 4655016 21600 75
17 231 0.8 24 352807271 1592608 72
17 231 0.8 25 101583504 313344 71
17 231 0.8 26 1495987290 6453072 71
17 231 0.8 27 766566048 693504 71
17 231 0.8 28 407468190 1873980 73
17 231 0.8 29 71183026 319620 75
17 231 0.8 30 131802323542 362909672 70
17 231 0.8 31 449612975 1632552 72
17 231 0.8 32 2613234484 6939872 72
17 231 0.8 33 97028676 25920 72
17 231 0.8 34 8898953200 36458880 70
17 231 0.8 35 1931974690 7571552 72
17 231 0.8 36 45737160 5280 71
17 231 0.8 37 144530206334 735561444 70
17 231 0.8 38 9688419664 37214070 72
17 231 0.8 39 184080 288 74
17 231 0.8 40 208377478 722400 72
17 231 0.8 41 511691238544 2965261660 71
17 231 0.8 42 50938640 29856 71
17 231 0.8 43 19185204 46032 73
17 231 0.8 44 1638999924 7311056 71
17 231 0.8 45 122142512 165120 72
17 231 0.8 46 1877962730 19760 71
17 231 0.8 47 1324094016 5987520 72
17 231 0.8 48 272434144 1069600 74
17 231 0.8 49 1379837004 6308928 72
17 231 0.8 50 157100380 560320 72
17 231 0.8 51 26298982264 132470016 70
17 231 0.8 52 451057390 1061568 70
17 231 0.8 53 282807728 1010240 71
17 231 0.8 54 1588331657 5824530 71
17 231 0.8 55 68349252970 380624700 71
17 231 0.8 56 116851980 45360 74
17 231 0.8 57 45861074 216556 74
17 231 0.8 58 2066752 6080 74
17 231 0.8 59 66950158 260190 73
17 231 0.8 60 6472169242 17128800 71
17 231 0.8 61 621352744 2052480 72
17 231 0.8 62 1829624784 6102144 71
17 231 0.8 63 12456464 43744 73
17 231 0.8 64 459907277396 1965001968 70
17 231 0.8 65 7327258238 26475410 70
17 231 0.8 66 2358367332 5061582 70
17 231 0.8 67 10594052 29524 76
17 231 0.8 68 16712614600 77882944 71
17 231 0.8 69 229286472 280944 72
17 231 0.8 70 175774799392 877147328 70
17 231 0.8 71 476336 960 73
17 231 0.8 72 3448818 9108 74
17 231 0.8 73 25452768 102528 73
17 231 0.8 74 4812978108 9124560 71
17 231 0.8 75 58660536 211680 71
17 231 0.8 76 564708616 275352 71
17 231 0.8 77 4528026816 21772800 72
17 231 0.8 78 318375 1260 74
17 231 0.8 79 228955298796 1334639664 71
17 231 0.8 80 31010066156 128079936 71
17 231 0.8 81 64366461 138240 73
17 231 0.8 82 8105028336 32488992 71
17 231 0.8 83 13520151818 18378336 70
17 231 0.8 84 6670226435 18237690 70
17 231 0.8 85 3459620 6024 72
17 231 0.8 86 1255832976 5641920 72
17 231 0.8 87 496917720 2125136 73
17 231 0.8 88 10198326084 50570280 72
17 231 0.8 89 1109412032 1891840 71
17 231 0.8 90 138752300624 680133888 70
17 231 0.8 91 106488663 477648 72
17 231 0.8 92 2421302738 11573500 72
17 231 0.8 93 21462460 61984 72
17 231 0.8 94 161272000 498336 72
17 231 0.8 95 419230584 778752 71
17 231 0.8 96 41813275232 203327316 70
17 231 0.8 97 1587347892 3851232 71
17 231 0.8 98 8781135056 9211488 72
17 231 0.8 99 640913164 2160780 72
17 231 0.8 100 1848449408 7838208 71
17 231 0.8 101 19624336032 98416300 71
17 231 0.8 102 2207997031 7919028 71
17 231 0.8 103 71802200204 389707200 71
17 231 0.8 104 5050318166 16490246 70
17 231 0.8 105 47212029240 217556544 71
17 231 0.8 106 415451074 1288600 71
17 231 0.8 107 504028584 3060 72
17 231 0.8 108 69408568 15872 72
17 231 0.8 109 216551440 1076736 74
17 231 0.8 110 4354604 14680 74
17 231 0.8 111 76977288 241056 73
17 231 0.8 112 691915398861 3643446528 69
17 231 0.8 113 58078348 38016 72
17 231 0.8 114 389825216 1399488 71
17 231 0.8 115 1521594227 2820832 71
17 231 0.8 116 35284236 102408 74
17 231 0.8 117 1856166912 5810304 71
17 231 0.8 118 1651106364 6947616 72
17 231 0.8 119 13146938330 50361048 72
17 231 0.8 120 5495600084 2336580 70
17 231 0.8 121 2434386725 11542485 71
17 231 0.8 122 832670616 230256 69
17 231 0.8 123 187997956 287280 72
17 231 0.8 124 113079174856 306814272 69
17 231 0.8 125 13455588084 48513014 70
17 231 0.8 126 7296480760 37474456 72
17 231 0.8 127 50210734 185548 73
17 231 0.8 128 324333398 1185368 72
17 231 0.8 129 3302448 13632 74
17 231 0.8 130 40629936 152320 74
17 231 0.8 131 95771448 185850 73
17 231 0.8 132 72285876 139344 71
17 231 0.8 133 837446312 305456 71
17 231 0.8 134 1187374836 1592784 71
17 231 0.8 135 10761767920 42963492 71
17 231 0.8 136 47378194984 268527072 71
17 231 0.8 137 462775648 1809800 73
17 231 0.8 138 1461125328 5323648 71
17 231 0.8 139 1755219504 7050240 72
17 231 0.8 140 1345510284096 8506281312 70
17 231 0.8 141 21685432 86240 74
17 231 0.8 142 5842812280 19215936 70
17 231 0.8 143 199816461 479520 72
17 231 0.8 144 19063388764 82941664 71
17 231 0.8 145 109880464 60160 70
17 231 0.8 146 1307660676 5920368 73
17 231 0.8 147 1187004 2960 73
17 231 0.8 148 2275159426 6144600 72
17 231 0.8 149 911713610 4048220 73
17 231 0.8 150 58807458 258128 74
17 231 0.8 151 1029889884 4391584 71
17 231 0.8 152 269690888 1134048 73
17 231 0.8 153 111542196 437616 73
17 231 0.8 154 20063012 73488 72
17 231 0.8 155 77224556 346440 74
17 231 0.8 156 4739088778 25536060 72
17 231 0.8 157 72077700564 320018688 71
17 231 0.8 158 482354170912 2122882520 70
17 231 0.8 159 3679836978 13475673 70
17 231 0.8 160 1788356608 6219921 71
17 231 0.8 161 23116028074 134700720 72
17 231 0.8 162 472327991217 1161716760 71
17 231 0.8 163 938926384 4354112 71
17 231 0.8 164 120347507892 442561664 70
17 231 0.8 165 338095085 1328832 71
17 231 0.8 166 433222619 1128372 71
17 231 0.8 167 266765030 285588 72
17 231 0.8 168 15746067274 84744732 72
17 231 0.8 169 333306508 1129920 72
17 231 0.8 170 24381299538 37813464 72
17 231 0.8 171 817293 1980 74
17 231 0.8 172 65828324188 274116112 71
17 231 0.8 173 752369662044 4193806860 70
17 231 0.8 174 159065208 607968 72
17 231 0.8 175 4373604 16506 74
17 231 0.8 176 3903436730 17264104 71
17 231 0.8 177 2726847616 10201344 71
17 231 0.8 178 75920608 308004 72
17 231 0.8 179 1551448 3648 73
17 231 0.8 180 1072225586 3355020 73
17 231 0.8 181 11429535357 22407130 70
17 231 0.8 182 376000992 934080 71
17 231 0.8 183 757958076 2025600 71
17 231 0.8 184 3358219918 11887812 70
17 231 0.8 185 388097924 1319808 72
17 231 0.8 186 16940146 51552 73
17 231 0.8 187 107447334 465660 72
17 231 0.8 188 865157274 3164922 72
17 231 0.8 189 25065663390 127508904 70
17 231 0.8 190 46518931152 248585436 71
17 231 0.8 191 51977389 173833 73
17 231 0.8 192 18730368 14112 69
17 231 0.8 193 20986460352 91387392 70
17 231 0.8 194 18065061510 79138692 71
17 231 0.8 195 1540772992 960000 71
17 231 0.8 196 100367408 427680 72
17 231 0.8 197 189889156374 924677424 70
17 231 0.8 198 5326246832 22517648 72
17 231 0.8 199 466416582 1665216 72
17 231 0.8 200 1956884128 9015168 71
17 231 0.8 201 1312356126 5811540 73
17 231 0.8 202 228165604 419712 70
17 231 0.8 203 943483664 3827840 71
17 231 0.8 204 82894312 16384 72
17 231 0.8 205 11644052 11808 73
17 231 0.8 206 2242534392 5305824 70
17 231 0.8 207 14472944178 47280192 71
17 231 0.8 208 122930496 298080 71
17 231 0.8 209 10986335236 60588000 72
17 231 0.8 210 19088513110 39362788 69
17 231 0.8 211 883060048 3481056 72
17 231 0.8 212 79510949 211038 71
17 231 0.8 213 39136302412678 223920449916 68
17 231 0.8 214 9020777748 14199136 70
17 231 0.8 215 340298054 1440144 72
17 231 0.8 216 17462465971 21460320 71
17 231 0.8 217 123782748 408672 73
17 231 0.8 218 4162393920 2336256 70
17 231 0.8 219 54959385 217800 73
17 231 0.8 220 1909455168 9354240 71
17 231 0.8 221 765763768 1500960 71
17 231 0.8 222 11654097084 51896448 71
17 231 0.8 223 293400234 32400 71
17 231 0.8 224 319254720 358488 72
17 231 0.8 225 34245260 172480 75
17 231 0.8 226 12880272 43512 73
17 231 0.8 227 189227104 795744 72
17 231 0.8 228 10961732 42627 73
17 231 0.8 229 59110416 217440 73
17 231 0.8 230 26570616 80640 74
17 231 0.8 231 73105786516 384807912 71
17 231 0.8 232 2724917758 6177980 71
17 231 0.8 233 80163511612 400863984 72
17 231 0.8 234 1276516 1088 72
17 231 0.8 235 490289289 1762614 71
17 231 0.8 236 402248 1440 77
17 231 0.8 237 1508872024 4576992 70
17 231 0.8 238 541760232 699936 70
17 231 0.8 239 5068902336 22120992 72
17 231 0.8 240 9953518512 37309008 70
17 231 0.8 241 1584922185 1471500 72
17 231 0.8 242 197290902 840636 72
17 231 0.8 243 5834799600 14608704 70
17 231 0.8 244 2879615401 15014532 73
17 231 0.8 245 114164367 91674 71
17 231 0.8 246 480779660 1615872 71
17 231 0.8 247 20826508336 98063608 71
17 231 0.8 248 17803833449 52149828 70
17 231 0.8 249 115678644 448440 73
17 231 0.8 250 12665608 39200 74
17 231 0.8 251 188413714 775788 73
17 231 0.8 252 14234054059 63495000 71
17 231 0.8 253 1890965380 5324688 72
17 231 0.8 254 109180368 536960 73
17 231 0.8 255 2213546888 711072 72
17 231 0.8 256 32967972 60912 72
17 231 0.8 257 418979981604 1301733174 69
17 231 0.8 258 10705118361 50628234 71
17 231 0.8 259 990982 3304 74
17 231 0.8 260 203483106 849240 73
17 231 0.8 261 2292851928 8387904 72
17 231 0.8 262 5421136 25560 74
17 231 0.8 263 21058237948 58503608 71
17 231 0.8 264 291899624 1176000 73
17 231 0.8 265 1018189056 2097600 72
17 231 0.8 266 1825310368 9336480 74
17 231 0.8 267 4136084088 16018560 70
17 231 0.8 268 87992122 82544 72
17 231 0.8 269 38826402 180360 73
17 231 0.8 270 9604434496 9468096 70
17 231 0.8 271 178498186452 848259250 70
17 231 0.8 272 146756720 239424 72
17 231 0.8 273 719240 2720 75
17 231 0.8 274 5792661738 16781184 71
17 231 0.8 275 10237810 13200 72
17 231 0.8 276 20022984 65440 73
17 231 0.8 277 146171176 529188 75
17 231 0.8 278 6706830 22496 73
17 231 0.8 279 8449769111 44642085 72
17 231 0.8 280 193382296 1060576 73
17 231 0.8 281 301347456 1399296 73
17 231 0.8 282 55841424 40740 73
17 231 0.8 283 3018951128600 16970595504 70
17 231 0.8 284 136245044 398352 72
17 231 0.8 285 224179572 426816 71
17 231 0.8 286 101035742 236976 71
17 231 0.8 287 3075791154 14814614 72
17 231 0.8 288 110596655 340242 72
17 231 0.8 289 1055844675 1883934 72
17 231 0.8 290 47568642 121896 71
17 231 0.8 291 2911032536 8416530 71
17 231 0.8 292 1772986482 6467464 72
17 231 0.8 293 47478578 152280 72
17 231 0.8 294 204777824 533400 71
17 231 0.8 295 27976636 88128 73
17 231 0.8 296 639013142 3041800 73
17 231 0.8 297 27019391716 158187584 71
17 231 0.8 298 1850949976 7083936 71
17 231 0.8 299 3859158410 3754752 70
17 231 0.8 300 4039320 11844 72
17 231 0.8 301 122823344 192888 71
17 231 0.8 302 885968466 4237040 72
17 231 0.8 303 38235794 108896 73
17 231 0.8 304 186738702852 207658752 70
17 231 0.8 305 124106768 551040 73
17 231 0.8 306 114164 128 74
17 231 0.8 307 17641184 16524 71
17 231 0.8 308 90378042194 337576332 70
17 231 0.8 309 1819105652 5542992 71
17 231 0.8 310 109788640 475664 73
17 231 0.8 311 301288 768 75
17 231 0.8 312 100888327 335880 72
17 231 0.8 313 3003618552 4373136 71
17 231 0.8 314 3448305810 15517036 71
17 231 0.8 315 1586061292 2502616 70
17 231 0.8 316 181359720 134400 72
17 231 0.8 317 75495200 171128 72
17 231 0.8 318 8806861 19212 73
17 231 0.8 319 3268300780 10759968 70
17 231 0.8 320 186806436 941220 74
17 231 0.8 321 1671516624 5370624 70
17 231 0.8 322 663378 522 73
17 231 0.8 323 4603056884 20080764 72
17 231 0.8 324 6211181072 3094478 70
17 231 0.8 325 71157284024 204657184 71
17 231 0.8 326 81704360 317184 73
17 231 0.8 327 264795356 929064 72
17 231 0.8 328 70328639 293346 74
17 231 0.8 329 489892380 2061648 72
17 231 0.8 330 3962990792 16427460 71
17 231 0.8 331 5184228 19392 74
17 231 0.8 332 1732179560 7609824 72
17 231 0.8 333 1303840890 474300 71
17 231 0.8 334 66471612 223104 73
17 231 0.8 335 1669086264 7814560 73
17 231 0.8 336 2778480 8640 73
17 231 0.8 337 20439894390 94684140 71
17 231 0.8 338 1418512900 4122736 71
17 231 0.8 339 9063190 30000 74
17 231 0.8 340 9439628 34920 74
17 231 0.8 341 47361456 248832 73
17 231 0.8 342 52917646418 200438060 70
17 231 0.8 343 15627966225445 52341555946 68
17 231 0.8 344 160358233152 859957568 71
17 231 0.8 345 40076838704 181890624 70
17 231 0.8 346 86145984 165120 72
17 231 0.8 347 256125168 1290456 74
17 231 0.8 348 5645653904 22930176 71
17 231 0.8 349 1765824 8064 74
17 231 0.8 350 1597545024 1271808 70
17 231 0.8 351 5195468 20112 75
17 231 0.8 352 409533100 1456080 72
17 231 0.8 353 5662344 12225 72
17 231 0.8 354 30014205034 113975564 71
17 231 0.8 355 1334720 3072 72
17 231 0.8 356 34751327206 162983680 70
17 231 0.8 357 132557880 494208 71
17 231 0.8 358 308925680 897600 73
17 231 0.8 359 3705409152 9388800 70
17 231 0.8 360 1495018763 163206 72
17 231 0.8 361 35853819 43200 71
17 231 0.8 362 1000534334 4362188 73
17 231 0.8 363 166008884 444272 72
17 231 0.8 364 2729332188 13423536 72
17 231 0.8 365 414666473 1851606 73
17 231 0.8 366 2678662134 9915984 71
17 231 0.8 367 3325420736252 17016249664 69
17 231 0.8 368 9665076449 46992382 72
17 231 0.8 369 4157391012 17684640 72
17 231 0.8 370 7275981140 17513088 72
17 231 0.8 371 658872354 2486392 72
17 231 0.8 372 499223616 1216512 72
17 231 0.8 373 230715763 432860 73
17 231 0.8 374 58289979846 218310176 70
17 231 0.8 375 194484082600 1057450192 70
17 231 0.8 376 9882740 1008 72
17 231 0.8 377 975656 1120 72
17 231 0.8 378 7577468787 21095310 70
17 231 0.8 379 95437409087 431379050 71
17 231 0.8 380 448150218 1652300 72
17 231 0.8 381 9272402129992 54596846832 69
17 231 0.8 382 14861095848 50260672 70
17 231 0.8 383 184013456 648960 73
17 231 0.8 384 185365080 790560 72
17 231 0.8 385 23875080 29000 71
17 231 0.8 386 4820071972 22459080 71
17 231 0.8 387 519061632 1569792 70
17 231 0.8 388 9237499470 48723120 72
17 231 0.8 389 49575054 250080 74
17 231 0.8 390 21239673 31104 71
17 231 0.8 391 8040703991 39693270 72
17 231 0.8 392 3886980344 13019488 69
17 231 0.8 393 102679512 215040 72
17 231 0.8 394 129107228 219438 72
17 231 0.8 395 38495924 120960 75
17 231 0.8 396 785135032 3313308 72
17 231 0.8 397 218266549216 1375701918 71
17 231 0.8 398 3777211438 12041696 71
17 231 0.8 399 317229827866 1747225836 70
17 231 0.8 400 28519104 48384 72
17 231 0.8 401 24056742 100144 75
17 231 0.8 402 496019982 2212560 73
17 231 0.8 403 192607842 355032 72
17 231 0.8 404 15202606366 25419400 71
17 231 0.8 405 21606220070 76614936 71
17 231 0.8 406 8827076 25904 74
17 231 0.8 407 33536052880 85008212 68
17 231 0.8 408 1674945896 6172608 70
17 231 0.8 409 972147268 4037060 73
17 231 0.8 410 922120696 3568400 73
17 231 0.8 411 1081878228 1670400 72
17 231 0.8 412 128108160 453600 72
17 231 0.8 413 408900224 1043552 71
17 231 0.8 414 840292460696 4055447856 69
17 231 0.8 415 10364976 34560 73
17 231 0.8 416 159295164266 763951592 70
17 231 0.8 417 5830415072 21972720 72
17 231 0.8 418 203255724 511080 72
17 231 0.8 419 152764 480 75
17 231 0.8 420 284253385999 1562171910 71
17 231 0.8 421 37224821466 153478212 71
17 231 0.8 422 287692 104 72
17 231 0.8 423 341869256 830784 72
17 231 0.8 424 1412088552 36288 71
17 231 0.8 425 1379904128 497664 72
17 231 0.8 426 1615750816 5325664 71
17 231 0.8 427 99943312246 550253567 71
17 231 0.8 428 2372614968 4341840 71
17 231 0.8 429 23437278 540 73
17 231 0.8 430 2488502032 13690278 72
17 231 0.8 431 117216453960 635080320 70
17 231 0.8 432 26952141676 129621740 71
17 231 0.8 433 17157530 45358 73
17 231 0.8 434 287228167 617550 72
17 231 0.8 435 791097017392 4064575376 70
17 231 0.8 436 593922209124 1812692296 70
17 231 0.8 437 224941322 487760 73
17 231 0.8 438 633011902 1730204 72
17 231 0.8 439 10482152312 44138976 70
17 231 0.8 440 12945744 13200 73
17 231 0.8 441 449009932 1152120 73
17 231 0.8 442 19403336 83936 73
17 231 0.8 443 9161420 30600 73
17 231 0.8 444 1960905796 7337760 71
17 231 0.8 445 2806662 7560 72
17 231 0.8 446 4598250 1188 72
17 231 0.8 447 10207480 20928 71
17 231 0.8 448 57001520 205632 72
17 231 0.8 449 129487616292 462561072 69
17 231 0.8 450 145428468 556880 73
17 231 0.8 451 3211849 1599 74
17 231 0.8 452 81596982 155760 73
17 231 0.8 453 523141672 1146144 71
17 231 0.8 454 755420529 4099650 73
17 231 0.8 455 602011893866 2774491848 69
17 231 0.8 456 1719508 1216 73
17 231 0.8 457 18090862744 91188342 72
17 231 0.8 458 437358201947 2419287074 71
17 231 0.8 459 120839904 570240 73
17 231 0.8 460 80029356859 348161704 70
17 231 0.8 461 171151043 715326 73
17 231 0.8 462 3472139124696 5372938368 68
17 231 0.8 463 72104216 205680 72
17 231 0.8 464 182546048 258048 71
17 231 0.8 465 2336295734 7638840 72
17 231 0.8 466 27129595168 98330624 70
17 231 0.8 467 5063633832 16228224 71
17 231 0.8 468 283604176 435712 71
17 231 0.8 469 239176568 728640 72
17 231 0.8 470 18535318928 87340000 71
17 231 0.8 471 65599512 304128 74
17 231 0.8 472 341632512 948608 72
17 231 0.8 473 7979541280 41684832 71
17 231 0.8 474 85303263980 356052864 70
17 231 0.8 475 17669798180 93091632 72
17 231 0.8 476 2465254 3050 75
17 231 0.8 477 4626846094 11558022 70
17 231 0.8 478 174388128 648000 74
17 231 0.8 479 284536308 1248528 73
17 231 0.8 480 2312797842 6134604 71
17 231 0.8 481 637760388684 2779705408 69
17 231 0.8 482 102890168 489360 75
17 231 0.8 483 89132531 140250 72
17 231 0.8 484 325899336 1185408 72
17 231 0.8 485 157771370 399960 69
17 231 0.8 486 3451727112 14827680 72
17 231 0.8 487 4064477706 1866960 71
17 231 0.8 488 3670026150 14514432 72
17 231 0.8 489 23605120 118272 73
17 231 0.8 490 174997344 816192 71
17 231 0.8 491 275586850 1144896 73
17 231 0.8 492 759298002911 4727096952 71
17 231 0.8 493 34012852 116312 74
17 231 0.8 494 33279087408 165294756 71
17 231 0.8 495 3278795616 18091992 72
17 231 0.8 496 23845084 40960 73
17 231 0.8 497 799539596 3105424 73
17 231 0.8 498 609214299 1407618 70
17 231 0.8 499 7062325536 27076080 71
17 231 0.8 500 22142699064 84309984 71
17 231 0.8 501 1.846241323e10 6.9705144e7 71
17 231 0.8 502 1.43551370845e11 7.82202265e8 70
17 231 0.8 503 164328.0 480.0 75
17 231 0.8 504 8.625246696e9 3.482756e7 71
17 231 0.8 505 1.559443512e9 5.435712e6 71
17 231 0.8 506 2.50802544e8 570240.0 71
17 231 0.8 507 3.7040548448e10 1.6785498e8 71
17 231 0.8 508 2.624089891e9 9.503928e6 72
17 231 0.8 509 2.185998e6 126.0 75
17 231 0.8 510 3.0849964e8 630240.0 71
17 231 0.8 511 1.98443072e8 728064.0 71
17 231 0.8 512 145752.0 144.0 74
17 231 0.8 513 2.50592352e8 953196.0 73
17 231 0.8 514 2.821584e7 3456.0 73
17 231 0.8 515 1.836242424e9 6.511782e6 72
17 231 0.8 516 1.02577452e8 377616.0 73
17 231 0.8 517 5.416663424e9 2.4070312e7 71
17 231 0.8 518 1.06585038e8 279672.0 70
17 231 0.8 519 1.12930418e8 11592.0 71
17 231 0.8 520 1.9416400188e10 1.05425028e8 72
17 231 0.8 521 1.12649704e8 467136.0 74
17 231 0.8 522 1.84928385e9 3.449172e6 71
17 231 0.8 523 3.964282964e9 1.4550384e7 71
17 231 0.8 524 1.834006e6 2376.0 73
17 231 0.8 525 4.07291392774e11 2.037039272e9 70
17 231 0.8 526 1.18347e7 44928.0 73
17 231 0.8 527 1.912536872e9 419520.0 70
17 231 0.8 528 1.7052994e8 663724.0 73
17 231 0.8 529 2.647577e6 10208.0 75
17 231 0.8 530 7.7529456e7 161088.0 73
17 231 0.8 531 1.669516564e9 3.5187e6 72
17 231 0.8 532 6.46392096e8 2.35488e6 72
17 231 0.8 533 1.20286794e9 3.03066e6 72
17 231 0.8 534 1.698838e6 2280.0 72
17 231 0.8 535 1.1126016e7 36288.0 74
17 231 0.8 536 2.889724e6 10176.0 74
17 231 0.8 537 6.38129492e9 2.8304504e7 71
17 231 0.8 538 1.83502992e8 797040.0 73
17 231 0.8 539 1.21875297685e11 2.81417578e8 70
17 231 0.8 540 1.15952582e8 456696.0 73
17 231 0.8 541 4.98911022e8 618192.0 70
17 231 0.8 542 9.3724836e8 434240.0 72
17 231 0.8 543 6.7955619664e10 2.93928348e8 71
17 231 0.8 544 2.0601283076e10 3.769416e7 71
17 231 0.8 545 2.8759862e7 61246.0 73
17 231 0.8 546 3.198273072e9 1.328256e7 71
17 231 0.8 547 9.280624e6 31872.0 73
17 231 0.8 548 6.4532864e7 59392.0 71
17 231 0.8 549 3.02844416e8 751872.0 71
17 231 0.8 550 8.751856e6 34112.0 74
17 231 0.8 551 1.092435788e9 4.354368e6 73
17 231 0.8 552 1.862785952e9 5.513952e6 71
17 231 0.8 553 3.22134233e9 8.935296e6 71
17 231 0.8 554 1.085206974e9 430416.0 70
17 231 0.8 555 5.945855e6 7500.0 72
17 231 0.8 556 4.4677788e7 80304.0 73
17 231 0.8 557 2.077689282e9 8.109464e6 72
17 231 0.8 558 1.9609016e7 73920.0 73
17 231 0.8 559 3.30953824e8 1.47264e6 74
17 231 0.8 560 4.59910892e8 1.572528e6 72
17 231 0.8 561 2.409688896e9 1.125888e7 72
17 231 0.8 562 3.164222646e9 1.5037848e7 72
17 231 0.8 563 2.81902976e8 842040.0 72
17 231 0.8 564 4.75225328e8 1.860608e6 72
17 231 0.8 565 7.83187332e8 3.429936e6 74
17 231 0.8 566 3.66958398e8 1.200312e6 71
17 231 0.8 567 7.3863024e7 324864.0 73
17 231 0.8 568 1.9042694668e10 6.8405328e7 70
17 231 0.8 569 1.597999344e9 6.35904e6 73
17 231 0.8 570 9.67153032e8 2.023488e6 70
17 231 0.8 571 1.1617095058e10 51984.0 71
17 231 0.8 572 6.30962661e9 1.1567808e7 71
17 231 0.8 573 3.7393358238e10 1.09739468e8 69
17 231 0.8 574 3.4729344e7 124416.0 72
17 231 0.8 575 4.63007747174e11 2.532028016e9 70
17 231 0.8 576 2.866548776e9 1.190336e7 71
17 231 0.8 577 8.99896e7 416256.0 74
17 231 0.8 578 9.0332972292e10 3.90901184e8 70
17 231 0.8 579 4.954204444e9 1.8126768e7 71
17 231 0.8 580 2.8792119392e10 9.687e7 69
17 231 0.8 581 5.4526013919e10 2.04080046e8 70
17 231 0.8 582 3.27969226e9 1.3883248e7 71
17 231 0.8 583 4.0609692e7 170496.0 73
17 231 0.8 584 1.0266908104e10 4.1911536e7 71
17 231 0.8 585 7.2234668e7 254144.0 72
17 231 0.8 586 4.640213e7 106272.0 71
17 231 0.8 587 5.265595106e9 5.559168e6 69
17 231 0.8 588 1.04648228031e11 5.10039948e8 72
17 231 0.8 589 1.7461936695e11 9.208309e8 71
17 231 0.8 590 6.575186175e9 2.0956842e7 71
17 231 0.8 591 4.351449672e9 1.6923384e7 72
17 231 0.8 592 1.23931166e8 608040.0 74
17 231 0.8 593 1.9212844e9 1.858464e6 71
17 231 0.8 594 3.7248361182e10 9.2633928e7 71
17 231 0.8 595 2.59286740824e11 1.19815022e9 70
17 231 0.8 596 7.3736e6 22464.0 73
17 231 0.8 597 2.5175933044e11 6.05387052e8 70
17 231 0.8 598 6.9161855286e10 2.05710576e8 69
17 231 0.8 599 1.445486405e9 2.02824e6 71
17 231 0.8 600 3.422358e6 864.0 73
17 231 0.8 601 3.577351568e9 1.515216e7 71
17 231 0.8 602 2.16612712e8 363776.0 72
17 231 0.8 603 6.84282651e8 2.002896e6 73
17 231 0.8 604 3.44216790016e11 1.1062776e9 69
17 231 0.8 605 4.87262933e8 1.155066e6 71
17 231 0.8 606 7.23646368e9 3.0807936e7 72
17 231 0.8 607 4.07746608e8 1.524672e6 71
17 231 0.8 608 1.1448365e8 338184.0 72
17 231 0.8 609 2.695129966e9 1.1319708e7 72
17 231 0.8 610 1.81182996e8 628128.0 72
17 231 0.8 611 6.755772e7 184416.0 73
17 231 0.8 612 4.4359544e7 187200.0 73
17 231 0.8 613 3.39903439464e11 1.433982564e9 70
17 231 0.8 614 3.62145728e8 940032.0 71
17 231 0.8 615 1.2732135e8 99648.0 73
17 231 0.8 616 1.43522218136e11 5.84159256e8 70
17 231 0.8 617 3.6882748e7 149760.0 72
17 231 0.8 618 4.3802544e7 98160.0 73
17 231 0.8 619 2.69299728956e11 1.489594912e9 70
17 231 0.8 620 2.17108004e8 634272.0 73
17 231 0.8 621 9.012280348e9 4.1640192e7 72
17 231 0.8 622 5.8171695276e10 3.08678916e8 71
17 231 0.8 623 1.18168748e8 306576.0 72
17 231 0.8 624 6.53524646e8 2.816664e6 74
17 231 0.8 625 1.295822169227e12 7.214908776e9 70
17 231 0.8 626 1.23203260328e11 4.641456e8 69
17 231 0.8 627 5.64899812e9 2.5806816e7 73
17 231 0.8 628 1.939116832e9 1.941184e6 70
17 231 0.8 629 1.839597924e9 3.500256e6 71
17 231 0.8 630 5.78169984e8 1.14048e6 70
17 231 0.8 631 5.974576e6 14880.0 74
17 231 0.8 632 9.5764166e7 355434.0 73
17 231 0.8 633 4.1983817e7 21424.0 73
17 231 0.8 634 2.725233712e9 8.70942e6 71
17 231 0.8 635 5.9133906e7 216048.0 73
17 231 0.8 636 5.260764672e9 3.1355904e7 72
17 231 0.8 637 7.587644e7 26400.0 72
17 231 0.8 638 1.48228376e8 531072.0 72
17 231 0.8 639 1.9738232e7 48432.0 72
17 231 0.8 640 4.027073e7 136224.0 73
17 231 0.8 641 1.115212266e9 5.16516e6 72
17 231 0.8 642 5.4379474e7 269152.0 74
17 231 0.8 643 1.911752e7 17600.0 71
17 231 0.8 644 1.1871313289e10 6.153768e7 71
17 231 0.8 645 1.8513979807e10 5.7060954e7 71
17 231 0.8 646 1.738373112e9 6.010664e6 71
17 231 0.8 647 2.507630912e9 1.2958432e7 72
17 231 0.8 648 1.156510992e9 5.804352e6 73
17 231 0.8 649 3.29122082e8 1.506e6 73
17 231 0.8 650 7.919786602e9 4.183524e7 72
17 231 0.8 651 2.90126516e8 1.195008e6 74
17 231 0.8 652 1.98469332669e11 1.104179086e9 71
17 231 0.8 653 2.75187462e8 130560.0 70
17 231 0.8 654 5.32033224e8 2.110848e6 71
17 231 0.8 655 6.0986586e7 240786.0 72
17 231 0.8 656 4.132323824e9 1.840672e7 72
17 231 0.8 657 1.03078624128e11 3.914324e8 69
17 231 0.8 658 1.76259688e8 733952.0 73
17 231 0.8 659 5.097352686e9 2.2252772e7 72
17 231 0.8 660 4.44043904e9 8.953452e6 71
17 231 0.8 661 1.930880463e9 8.457552e6 73
17 231 0.8 662 9.7946516953854e13 7.817620118e11 69
17 231 0.8 663 5.745389908e9 3.2632152e7 72
17 231 0.8 664 1.10449536984e11 5.9087952e8 70
17 231 0.8 665 8.61573924e8 2.733472e6 73
17 231 0.8 666 5.78338676e8 758048.0 71
17 231 0.8 667 870574.0 1440.0 73
17 231 0.8 668 6.7684220448e10 2.6590992e8 69
17 231 0.8 669 8.7908416e7 272640.0 72
17 231 0.8 670 2.9110496e9 1.422816e7 72
17 231 0.8 671 5.62254732e8 768816.0 71
17 231 0.8 672 1.14778864e8 357120.0 72
17 231 0.8 673 6.73038848e8 1.813248e6 71
17 231 0.8 674 3.72808676e8 1.31616e6 72
17 231 0.8 675 2.451712332e9 4.386312e6 70
17 231 0.8 676 1.212245169e9 214776.0 70
17 231 0.8 677 1.4794166848e10 5.101824e7 70
17 231 0.8 678 6.1728098e7 263856.0 74
17 231 0.8 679 8.063830956e9 9.514368e6 70
17 231 0.8 680 4.44136448e8 1.01376e6 72
17 231 0.8 681 8.1974124e7 237528.0 73
17 231 0.8 682 2.68528243294e11 5.51998392e8 69
17 231 0.8 683 2.4071322133e10 7.8657846e7 70
17 231 0.8 684 4.53234938048e11 1.531747008e9 70
17 231 0.8 685 1.064673012e9 4.66704e6 72
17 231 0.8 686 5.5031517562e10 1.97481696e8 70
17 231 0.8 687 1.1885092e7 49392.0 73
17 231 0.8 688 1.816505008e9 2.447568e6 70
17 231 0.8 689 9.2660464e7 392832.0 71
17 231 0.8 690 1.22592264e8 460980.0 72
17 231 0.8 691 1.893336746e9 8.766576e6 72
17 231 0.8 692 3.6048973642e10 3.5657658e7 70
17 231 0.8 693 1.9192324986e10 4.5349632e7 70
17 231 0.8 694 2.25284e6 8512.0 73
17 231 0.8 695 6.772052648e9 1.38624e6 70
17 231 0.8 696 1.111100682e9 5.707134e6 72
17 231 0.8 697 9.52044378102e11 3.140665676e9 69
17 231 0.8 698 1.9167625824e10 5.9301888e7 71
17 231 0.8 699 3.999748116e9 2.1099472e7 73
17 231 0.8 700 1.0651523548e10 4.7524608e7 71
17 231 0.8 701 1.91990119095e11 7.96845604e8 69
17 231 0.8 702 1.1584423e8 564164.0 72
17 231 0.8 703 2.472659e6 6000.0 75
17 231 0.8 704 5.470976839e10 2.86414136e8 71
17 231 0.8 705 2.6380147602e10 1.0336176e8 72
17 231 0.8 706 8.5882903e8 2.03938e6 71
17 231 0.8 707 5.489756788e9 1.8658992e7 70
17 231 0.8 708 6.3571393e7 280342.0 73
17 231 0.8 709 8.09344995e8 228588.0 70
17 231 0.8 710 3.026234581e9 1.433393e7 72
17 231 0.8 711 2.27022274872e11 1.0470096e9 71
17 231 0.8 712 1.458755897e9 6.237552e6 71
17 231 0.8 713 6.4991987963e10 2.82448368e8 70
17 231 0.8 714 4.654862941e9 2.2749048e7 72
17 231 0.8 715 1.65798444e8 382500.0 72
17 231 0.8 716 1.03055091472e11 4.213908e8 70
17 231 0.8 717 1.1300088e7 37440.0 74
17 231 0.8 718 6.915124e6 24696.0 73
17 231 0.8 719 2.2205995e8 296400.0 72
17 231 0.8 720 8.036342256e9 1.86624e7 71
17 231 0.8 721 1.341692e6 3344.0 73
17 231 0.8 722 3.9280904532e10 2.33299872e8 72
17 231 0.8 723 1.82058484e8 789424.0 73
17 231 0.8 724 1.387903291e9 3.12446e6 72
17 231 0.8 725 9.6744637928e10 4.9208e7 70
17 231 0.8 726 2.16494736e8 678600.0 73
17 231 0.8 727 2.33279576e8 730296.0 73
17 231 0.8 728 4.773979974e9 2.3087052e7 70
17 231 0.8 729 9.177553456e9 3.8284544e7 71
17 231 0.8 730 1.17373709307e11 5.46247074e8 71
17 231 0.8 731 1.420680776e9 752.0 71
17 231 0.8 732 1.59942086e8 742512.0 72
17 231 0.8 733 7.713345876e9 4.1037476e7 72
17 231 0.8 734 1.995819102e9 5.8898e6 71
17 231 0.8 735 1.8990128e9 4.910976e6 72
17 231 0.8 736 1.783293747e9 6.567372e6 70
17 231 0.8 737 6.157528807e9 2.1381109e7 71
17 231 0.8 738 1.05531152e9 4.101296e6 71
17 231 0.8 739 1.125515412e9 5.77728e6 73
17 231 0.8 740 6.459912768e9 3.475968e7 71
17 231 0.8 741 2.662186276e9 9.581088e6 72
17 231 0.8 742 4.3617868507e10 2.0479529e8 72
17 231 0.8 743 2.13611148e8 873072.0 72
17 231 0.8 744 1.611065304e9 6.25968e6 71
17 231 0.8 745 3.012666516e9 1.184616e7 71
17 231 0.8 746 7.147504505e9 3.0117158e7 72
17 231 0.8 747 7.19543872e8 735908.0 72
17 231 0.8 748 1.76749728e8 598752.0 72
17 231 0.8 749 1.57193682e8 196992.0 72
17 231 0.8 750 2.01110976e8 414720.0 71
17 231 0.8 751 5.11344988e8 1.57368e6 72
17 231 0.8 752 4.035897e7 119448.0 72
17 231 0.8 753 4.09285728e8 1.3824e6 70
17 231 0.8 754 5.353237e7 76020.0 72
17 231 0.8 755 2.360283516e9 1.184937e7 72
17 231 0.8 756 4.2218308e7 153472.0 74
17 231 0.8 757 1.01442836e8 436800.0 74
17 231 0.8 758 2.52449192e8 1.059368e6 73
17 231 0.8 759 1.39028964e9 6.62256e6 72
17 231 0.8 760 3.977299392e9 1.709936e7 72
17 231 0.8 761 2.921624688e9 5.158656e6 70
17 231 0.8 762 5.530469616e9 786240.0 70
17 231 0.8 763 6.2802568e7 297600.0 75
17 231 0.8 764 1.4022859414e10 5.9017608e7 71
17 231 0.8 765 1.6655284812e10 1.005312e8 72
17 231 0.8 766 6.604726583e9 3.2964948e7 72
17 231 0.8 767 2.343814956e9 1.0847232e7 72
17 231 0.8 768 1.1942436e7 42084.0 73
17 231 0.8 769 1.216752428e9 4.410012e6 71
17 231 0.8 770 4.02698024e9 1.0548864e7 71
17 231 0.8 771 4.4534782e7 38400.0 72
17 231 0.8 772 6.2030352e7 215040.0 73
17 231 0.8 773 2.08894280576e11 8.03552288e8 70
17 231 0.8 774 1.873577064e9 8.46048e6 72
17 231 0.8 775 2.136024e6 288.0 71
17 231 0.8 776 1.056030768e9 705280.0 71
17 231 0.8 777 5.443215804e9 6.651544e6 69
17 231 0.8 778 4.1457478e7 118560.0 72
17 231 0.8 779 2.802624465e9 1.1362278e7 71
17 231 0.8 780 3.12680256e8 722400.0 72
17 231 0.8 781 5.384653436e9 614480.0 71
17 231 0.8 782 3.7353606e7 119616.0 72
17 231 0.8 783 1.3901141094e11 1.4170464e8 68
17 231 0.8 784 1.735311428e9 2.528412e6 72
17 231 0.8 785 1.708852768e9 4.049664e6 72
17 231 0.8 786 6.495949868e9 2.6583292e7 72
17 231 0.8 787 2.0147076e7 11664.0 73
17 231 0.8 788 1.883761e8 371976.0 70
17 231 0.8 789 4.1714158808e10 2.10338772e8 72
17 231 0.8 790 1.34006300152e11 6.52372608e8 70
17 231 0.8 791 4.3168304e8 601440.0 71
17 231 0.8 792 6.13246945496e11 3.3968468e9 70
17 231 0.8 793 2.007294426e9 8.123592e6 72
17 231 0.8 794 4.97085281e8 1.628988e6 72
17 231 0.8 795 5.307796268e9 5.1092e6 71
17 231 0.8 796 2.596848e7 24192.0 74
17 231 0.8 797 2.1378166e9 7.564128e6 72
17 231 0.8 798 4.17586628452e11 9.89920244e8 70
17 231 0.8 799 9.9577117e7 317310.0 73
17 231 0.8 800 8.918687376e9 3.4632528e7 72
17 231 0.8 801 3.8088025496e10 1.557864e8 71
17 231 0.8 802 7.24739806e8 1.933848e6 71
17 231 0.8 803 1.5676068591e11 6.240447e8 70
17 231 0.8 804 3.416899875e10 1.18292988e8 71
17 231 0.8 805 4.6429003e8 1.650528e6 72
17 231 0.8 806 2.1214353708e10 5.0690664e7 71
17 231 0.8 807 1.22086105948e11 6.59263216e8 71
17 231 0.8 808 2.680726609e9 8.179288e6 71
17 231 0.8 809 1.063388574e9 3.593516e6 70
17 231 0.8 810 3.428764488e9 1.037904e7 71
17 231 0.8 811 7.572488468e9 3.5908449e7 72
17 231 0.8 812 2.02507869898e11 7.10348208e8 69
17 231 0.8 813 2.80399536e8 790156.0 71
17 231 0.8 814 4.183776e6 5184.0 74
17 231 0.8 815 5.78673016e9 1.6641808e7 70
17 231 0.8 816 9.940498248e9 4.65336e7 71
17 231 0.8 817 9.657127768e10 3.435066e8 70
17 231 0.8 818 3.9469202e7 80220.0 72
17 231 0.8 819 2.90516078e8 1.266144e6 73
17 231 0.8 820 2.35557704e8 1.1256e6 73
17 231 0.8 821 2.38152261412e11 8.3090664e8 70
17 231 0.8 822 6.61902317e8 1.833108e6 72
17 231 0.8 823 5.3591786e7 163036.0 73
17 231 0.8 824 9.2633774e8 2.914032e6 71
17 231 0.8 825 2.666281329e9 1.2581538e7 71
17 231 0.8 826 7.86696288e8 658560.0 71
17 231 0.8 827 2.9521044e7 97200.0 73
17 231 0.8 828 3.656806592e9 1.438416e7 72
17 231 0.8 829 1.4486012e7 31296.0 73
17 231 0.8 830 1.205315005e9 1.435404e6 72
17 231 0.8 831 5.75484528e8 1.828992e6 71
17 231 0.8 832 1.854832996e9 2.10048e6 71
17 231 0.8 833 8.71461592e8 1.60128e6 71
17 231 0.8 834 2.9082656e7 109592.0 74
17 231 0.8 835 1.2045832e7 41760.0 74
17 231 0.8 836 3.4606678e8 268272.0 72
17 231 0.8 837 6.14088687e9 3.16854e7 70
17 231 0.8 838 8.96611512e8 3.86532e6 71
17 231 0.8 839 7.2038904e7 270432.0 73
17 231 0.8 840 1.14564277e9 4.03648e6 72
17 231 0.8 841 484312.0 648.0 74
17 231 0.8 842 3.8145924e8 1.06272e6 71
17 231 0.8 843 2.17644324e9 5.925296e6 72
17 231 0.8 844 1.83337852e8 494048.0 70
17 231 0.8 845 1.1364471648e10 3.2374848e7 71
17 231 0.8 846 1.41299776e8 558144.0 72
17 231 0.8 847 6.36772358e8 2.021208e6 71
17 231 0.8 848 9.77515674e8 166912.0 72
17 231 0.8 849 3.524333672e9 1.1805296e7 72
17 231 0.8 850 1.02306919861e11 5.07291756e8 72
17 231 0.8 851 1.852064608e9 8.52624e6 71
17 231 0.8 852 1.562469492e9 5.601024e6 71
17 231 0.8 853 725036.0 2448.0 75
17 231 0.8 854 1.309833621e9 5.406102e6 72
17 231 0.8 855 6.099601696e9 3.2769036e7 72
17 231 0.8 856 3.799919904e9 3.244032e6 72
17 231 0.8 857 8.3486298e7 240780.0 72
17 231 0.8 858 6.387744e6 18540.0 73
17 231 0.8 859 1.0209876296e10 5.1132256e7 72
17 231 0.8 860 6.0081312e7 239616.0 74
17 231 0.8 861 8.7753541592e10 1.7887824e8 69
17 231 0.8 862 2.34152346e8 428544.0 72
17 231 0.8 863 1.7197644e8 144768.0 71
17 231 0.8 864 4.341279958e10 2.22704832e8 71
17 231 0.8 865 1.51097458e8 325248.0 71
17 231 0.8 866 3.1221800188e10 1.2657808e8 71
17 231 0.8 867 9.8993928e7 6048.0 72
17 231 0.8 868 9.409548368e9 4.4784623e7 71
17 231 0.8 869 4.95322158e8 97200.0 72
17 231 0.8 870 2.3757695486e10 8.512598e7 70
17 231 0.8 871 5.498532e6 18216.0 74
17 231 0.8 872 1.42365626326e11 5.57675946e8 70
17 231 0.8 873 5.157964564e9 2.3923696e7 72
17 231 0.8 874 1.385179852e9 4.413024e6 71
17 231 0.8 875 1.11653324e8 19026.0 72
17 231 0.8 876 9.103305e6 4176.0 73
17 231 0.8 877 1.0459534e8 337065.0 72
17 231 0.8 878 4.479762572e9 1.3951872e7 71
17 231 0.8 879 1.4989956144e10 6.9831296e7 71
17 231 0.8 880 3.25424415953e11 1.592688354e9 70
17 231 0.8 881 2.405303892e9 8.01432e6 72
17 231 0.8 882 8.29910004e8 6648.0 71
17 231 0.8 883 5.227974685e9 2.905119e7 73
17 231 0.8 884 1.39874048e8 627612.0 73
17 231 0.8 885 1.151743184e9 2.696484e6 71
17 231 0.8 886 5.0730290114e10 1.8774108e8 70
17 231 0.8 887 4.76955379e10 1.79956e8 69
17 231 0.8 888 7.113034234e9 1.8137982e7 70
17 231 0.8 889 1.0448281e7 40200.0 73
17 231 0.8 890 3.72366396e8 5856.0 71
17 231 0.8 891 905744.0 896.0 73
17 231 0.8 892 8.09913398072e11 2.240495936e9 69
17 231 0.8 893 9.9545687434e10 3.30861808e8 71
17 231 0.8 894 3.808802252e9 8.963328e6 70
17 231 0.8 895 6.952869292e9 9.683192e6 70
17 231 0.8 896 7.1297152e7 208032.0 71
17 231 0.8 897 2.3779570838e10 3.297847e7 70
17 231 0.8 898 2.0305084e8 12960.0 71
17 231 0.8 899 3.8817165406e10 1.31198532e8 71
17 231 0.8 900 2.2348749692e10 7.271904e7 70
17 231 0.8 901 5.6096048e7 261888.0 72
17 231 0.8 902 2.3432502e7 42930.0 73
17 231 0.8 903 1.158594974e9 4.69166e6 72
17 231 0.8 904 1.2260687728e10 5.168448e7 70
17 231 0.8 905 1.3264105376e10 1.65888e6 70
17 231 0.8 906 1.387653892e9 5.347584e6 71
17 231 0.8 907 5.615665017e9 1.5897416e7 70
17 231 0.8 908 6.755676e6 10560.0 72
17 231 0.8 909 4.6591680496e10 1.53068784e8 69
17 231 0.8 910 1.388325664e9 4.05216e6 71
17 231 0.8 911 4.341388122e9 2.0799912e7 73
17 231 0.8 912 9.471968e6 17952.0 73
17 231 0.8 913 1.86450000261e11 1.02346944e9 69
17 231 0.8 914 4.652767974e9 1.67559e7 71
17 231 0.8 915 2.013435664e9 8.42976e6 72
17 231 0.8 916 4.0319426025e10 1.04499224e8 69
17 231 0.8 917 827430.0 2811.0 75
17 231 0.8 918 1.6919220228e10 6.4144892e7 71
17 231 0.8 919 6.8223312e8 3.06336e6 72
17 231 0.8 920 4.8559416e8 1.53216e6 72
17 231 0.8 921 5.08247836e8 1.776572e6 72
17 231 0.8 922 1.9543166724e10 1.06116804e8 72
17 231 0.8 923 3.626264766e9 1.663642e7 72
17 231 0.8 924 1.039160489e9 2.83305e6 70
17 231 0.8 925 3.1921555e8 877250.0 72
17 231 0.8 926 7.18526032e8 1.868784e6 71
17 231 0.8 927 6.448992192e9 1.46529e7 70
17 231 0.8 928 1.1338999968e10 4.2280236e7 71
17 231 0.8 929 2.446618112e9 8.883504e6 71
17 231 0.8 930 3.5410091634e10 1.60155324e8 71
17 231 0.8 931 5.5477766784e10 1.7335878e8 71
17 231 0.8 932 2.880252956e9 1.098884e7 71
17 231 0.8 933 3.0560756e7 112464.0 72
17 231 0.8 934 2.64331792e8 535760.0 72
17 231 0.8 935 5.06117154e9 1.707468e6 71
17 231 0.8 936 2.9015720037e10 1.22680392e8 71
17 231 0.8 937 9.52590048e8 4.304792e6 72
17 231 0.8 938 1.30847948e8 239943.0 72
17 231 0.8 939 3.745006432e9 1.203072e6 71
17 231 0.8 940 9.608048e7 75456.0 71
17 231 0.8 941 1.954654328e9 9.11592e6 72
17 231 0.8 942 6.405308448e9 3.2630496e7 72
17 231 0.8 943 5.96867188e8 1.639008e6 71
17 231 0.8 944 6.38459616e8 2.589436e6 72
17 231 0.8 945 1.32380976e8 70272.0 72
17 231 0.8 946 6.3312362e7 202656.0 73
17 231 0.8 947 5.635124472e9 2.5568032e7 72
17 231 0.8 948 1.056769268e9 5.266416e6 73
17 231 0.8 949 1.6700791776e10 6.8354688e7 70
17 231 0.8 950 5.60420563e9 2.601456e7 70
17 231 0.8 951 3.5122674e8 249872.0 71
17 231 0.8 952 4.269581364e9 1.9714896e7 72
17 231 0.8 953 1.862637156e9 4.36104e6 71
17 231 0.8 954 7.6072164e8 408240.0 72
17 231 0.8 955 4.3639224e7 117504.0 72
17 231 0.8 956 2.1541939856e10 1.10827008e8 72
17 231 0.8 957 3.3838544e7 119200.0 72
17 231 0.8 958 9.4858176e7 17280.0 73
17 231 0.8 959 8.50114272e8 1.38672e6 72
17 231 0.8 960 2.214533769e9 1.054944e7 73
17 231 0.8 961 4.31645873285e11 2.35265237e9 70
17 231 0.8 962 1.6135808e8 476880.0 72
17 231 0.8 963 1.2387201072e10 6.7575816e7 73
17 231 0.8 964 1.0757277613e10 5.0723238e7 71
17 231 0.8 965 3.13204642e9 1.0833696e7 70
17 231 0.8 966 1.49995391118e11 1.464624e8 69
17 231 0.8 967 2.55453e7 110880.0 74
17 231 0.8 968 5.356176e6 21696.0 73
17 231 0.8 969 3.18551532e8 829440.0 71
17 231 0.8 970 5.50016596e8 2.357856e6 72
17 231 0.8 971 2.66751886e9 1.329016e7 70
17 231 0.8 972 6.1973818176e10 2.75851008e8 70
17 231 0.8 973 1.0318994e8 398592.0 73
17 231 0.8 974 2.745297e7 2916.0 72
17 231 0.8 975 1.5122568e7 31680.0 73
17 231 0.8 976 1.401543640608e12 7.14053888e9 70
17 231 0.8 977 2.9911224e7 5760.0 72
17 231 0.8 978 8.301306e6 19760.0 72
17 231 0.8 979 1.127560064e9 2.459484e6 72
17 231 0.8 980 5.516778e6 21252.0 75
17 231 0.8 981 1.03793544e8 441396.0 73
17 231 0.8 982 1.418454112e9 5.659504e6 71
17 231 0.8 983 1.07024866672e11 5.1229104e8 70
17 231 0.8 984 8.772932384e9 3.3057136e7 71
17 231 0.8 985 1.935584848e9 1.083168e7 73
17 231 0.8 986 4.775928e7 143616.0 72
17 231 0.8 987 8.86094964e10 2.59270848e8 70
17 231 0.8 988 1.35824535846e11 6.878736e8 70
17 231 0.8 989 4.10756698e8 1.906152e6 74
17 231 0.8 990 1.136283772e9 3.544539e6 70
17 231 0.8 991 5.5925868e7 238488.0 72
17 231 0.8 992 4.7819935e7 185220.0 74
17 231 0.8 993 4.4932010471e11 1.421479732e9 69
17 231 0.8 994 1.625538830352e12 4.602768624e9 68
17 231 0.8 995 1.5199616e9 6.103728e6 72
17 231 0.8 996 5.39787588e8 973804.0 72
17 231 0.8 997 2.6052301e7 70434.0 73
17 231 0.8 998 6.568373e6 7833.0 72
17 231 0.8 999 7.942187507e9 2.5426224e7 70
17 231 0.8 1000 2.00751448e9 6.571008e6 71
