L N d seed D_(MIS-1) D_MIS MIS
21 353 0.8 0 539707989623720 1676963616565 108
21 353 0.8 1 289454823992 753307008 109
21 353 0.8 2 79382733020828 182580955248 107
21 353 0.8 3 50696010915584 66201753600 106
21 353 0.8 4 1851018016832 1100580864 107
21 353 0.8 5 75056456912 143782560 109
21 353 0.8 6 973704504598 2606094776 109
21 353 0.8 7 827545400664 586268208 106
21 353 0.8 8 190413093759024 317971657280 104
21 353 0.8 9 11730882884151464 31598233558848 106
21 353 0.8 10 269356667294564 960748327200 107
21 353 0.8 11 211078543134840 469517790144 105
21 353 0.8 12 422188160 983808 113
21 353 0.8 13 11419654775616 233822160 106
21 353 0.8 14 513374176558 892072320 107
21 353 0.8 15 3697541070080 8615974272 107
21 353 0.8 16 3135908311999816 3939310809408 105
21 353 0.8 17 3100516858620 7470232128 108
21 353 0.8 18 72419664496 142875648 109
21 353 0.8 19 105264622263952 226152637440 106
21 353 0.8 20 15674945602784 1500049152 107
21 353 0.8 21 39041940340542456 104921434580457 105
21 353 0.8 22 787879378768658688 1615055821130742 105
21 353 0.8 23 193524626231312 473678009856 107
21 353 0.8 24 2044894273408 5471192064 107
21 353 0.8 25 87587811360 148490496 108
21 353 0.8 26 476072155684 488238296 106
21 353 0.8 27 46482529836 125144784 109
21 353 0.8 28 121833234590 365846349 110
21 353 0.8 29 1310734322299872 3842230487040 108
21 353 0.8 30 88079021016329 245080991708 107
21 353 0.8 31 4266078089544 9969725952 107
21 353 0.8 32 29179045984220 50704746000 108
21 353 0.8 33 5640890640 3832290 108
21 353 0.8 34 2552346509412744 6334038309168 107
21 353 0.8 35 153271711872 348292224 109
21 353 0.8 36 474491785896 390230784 109
21 353 0.8 37 40993171989632 54073585728 107
21 353 0.8 38 180803116145742 159957344520 107
21 353 0.8 39 1905178200 780480 108
21 353 0.8 40 213605956539 352004400 108
21 353 0.8 41 2056927483972 2190559264 107
21 353 0.8 42 606160531464 698845536 107
21 353 0.8 43 3548681344 5717760 110
21 353 0.8 44 4984594943904 13625826816 107
21 353 0.8 45 5952195744 2073600 110
21 353 0.8 46 161486335344 427795776 108
21 353 0.8 47 729058097323484 2223314873100 106
21 353 0.8 48 2792700925680 4566021840 108
21 353 0.8 49 755730981450 1308738816 108
21 353 0.8 50 351081690544 671339520 108
21 353 0.8 51 2289982686352 4353523200 107
21 353 0.8 52 3532687689796 6241255200 107
21 353 0.8 53 10258285035314 16182162696 108
21 353 0.8 54 2400514476624 2724919488 108
21 353 0.8 55 668484416946 1428276762 109
21 353 0.8 56 342377262328416 509487616512 106
21 353 0.8 57 64437065480022 201973248632 108
21 353 0.8 58 16006627656 20901888 110
21 353 0.8 59 359898572804 669140768 109
21 353 0.8 60 25883735200 20102016 109
21 353 0.8 61 9880422147758576 4711941893760 104
21 353 0.8 62 9230521728 8110080 107
21 353 0.8 63 350860558972 284125440 108
21 353 0.8 64 4672520364352 10193972544 108
21 353 0.8 65 34068519281268 85750153272 107
21 353 0.8 66 4924346129748 8162452464 108
21 353 0.8 67 459781992370 76563000 107
21 353 0.8 68 37961839520 66714624 107
21 353 0.8 69 1012753446783792 70453045296 104
21 353 0.8 70 925590917886 1232311320 108
21 353 0.8 71 11441798345808 30089574144 108
21 353 0.8 72 3675242240 398880 106
21 353 0.8 73 725497820208 1455083136 109
21 353 0.8 74 203595330560 485315712 108
21 353 0.8 75 3566488537856 4941786112 108
21 353 0.8 76 25957832017518 31278723080 107
21 353 0.8 77 736337146288 407973888 106
21 353 0.8 78 2897613042560 5410828800 107
21 353 0.8 79 5425488424 165432 107
21 353 0.8 80 50047792299672 124421658560 106
21 353 0.8 81 18440693468155 1845261 107
21 353 0.8 82 280579306244 694097040 109
21 353 0.8 83 2544040733476 2580503904 106
21 353 0.8 84 1008068179819488 3659402699196 107
21 353 0.8 85 118553713920 191759616 109
21 353 0.8 86 3518637880 4671360 110
21 353 0.8 87 21092816235362 3617123408 106
21 353 0.8 88 9669648874464 19622768640 107
21 353 0.8 89 55016333180 125971956 109
21 353 0.8 90 12421415880 25041600 110
21 353 0.8 91 840104064 622080 110
21 353 0.8 92 479634907668 1321604352 108
21 353 0.8 93 50707226628418 109023794776 107
21 353 0.8 94 21545227248756 56863063088 108
21 353 0.8 95 416356664309500 1119643549544 107
21 353 0.8 96 5434693811988 3399527760 108
21 353 0.8 97 861292369184 637429632 107
21 353 0.8 98 50352949824 1244160 109
21 353 0.8 99 79104949960800 141222499072 108
21 353 0.8 100 7029670152 3828672 109
21 353 0.8 101 9285263191078 22534240064 107
21 353 0.8 102 5865098535387 4298488320 106
21 353 0.8 103 3067317880420 9071435904 108
21 353 0.8 104 1078852868784 562546944 107
21 353 0.8 105 438316535072 103150080 108
21 353 0.8 106 22937613199 8554608 108
21 353 0.8 107 56116361968632 47814944736 105
21 353 0.8 108 610262900480160 367106903040 104
21 353 0.8 109 16287337468 39992160 109
21 353 0.8 110 1961232875742 4630554848 108
21 353 0.8 111 1234670336636 3454891330 109
21 353 0.8 112 417432653692128 56298078720 106
21 353 0.8 113 2974833792 4914684 108
21 353 0.8 114 398106867456 145981440 108
21 353 0.8 115 17437440875080 23385206424 108
21 353 0.8 116 1061530597320 1225848024 108
21 353 0.8 117 3053313206648 9037320096 107
21 353 0.8 118 318268967976 261192960 109
21 353 0.8 119 3593440864560 8204395680 108
21 353 0.8 120 18699932644227584 58637654133120 106
21 353 0.8 121 308238370405629 801527457342 106
21 353 0.8 122 6387948088 884016 108
21 353 0.8 123 36338551939548 89271918144 108
21 353 0.8 124 476837810892 43837560 107
21 353 0.8 125 971971448 2262064 112
21 353 0.8 126 878680649088 43748640 109
21 353 0.8 127 11060225916 20828160 109
21 353 0.8 128 7060759236 2400840 108
21 353 0.8 129 61739982053344 223817052864 109
21 353 0.8 130 21754650763781296 60456355922688 105
21 353 0.8 131 695089732 1556160 110
21 353 0.8 132 22634335560 27122688 109
21 353 0.8 133 369364608 392016 110
21 353 0.8 134 149920943836 297468792 107
21 353 0.8 135 405981301430098 1122653094600 108
21 353 0.8 136 2698368576443 7051870674 108
21 353 0.8 137 15361540010880 20792070144 107
21 353 0.8 138 7637377152 17057792 106
21 353 0.8 139 13580980196086 38883726264 108
21 353 0.8 140 44886347658093 95079822720 107
21 353 0.8 141 68843104524 182250000 109
21 353 0.8 142 130649939280 138827520 108
21 353 0.8 143 199316784432 128173248 108
21 353 0.8 144 92613038416 87285120 107
21 353 0.8 145 7176951410371 13216615830 107
21 353 0.8 146 93578271852528 220287619008 108
21 353 0.8 147 71813342079354 59770757952 107
21 353 0.8 148 50854224816 40219416 107
21 353 0.8 149 1558151928244 251767152 108
21 353 0.8 150 29548835951024 61360919616 108
21 353 0.8 151 809016308 748544 109
21 353 0.8 152 69581178000 22568256 109
21 353 0.8 153 16808110224 5339520 108
21 353 0.8 154 43796452930720 32650011888 106
21 353 0.8 155 1362126288672 1123813440 107
21 353 0.8 156 6504859667454 17539347000 107
21 353 0.8 157 14545696896 1520640 107
21 353 0.8 158 183425910 308700 111
21 353 0.8 159 1241948310112 2254058880 106
21 353 0.8 160 178165986810582 469121914128 106
21 353 0.8 161 451658705400 1109892000 108
21 353 0.8 162 44650313080 38107200 110
21 353 0.8 163 3472251299724 9007424952 107
21 353 0.8 164 60498205311084 2245173112 105
21 353 0.8 165 57682548048 9188112 109
21 353 0.8 166 108978107148 154046880 108
21 353 0.8 167 229575561188712 685871064000 108
21 353 0.8 168 10225130094 7077864 108
21 353 0.8 169 5591565902824 17397257472 109
21 353 0.8 170 1463872553059126 5011338252372 105
21 353 0.8 171 931422286984 2127442080 108
21 353 0.8 172 71124943489583200 233532014333268 106
21 353 0.8 173 414217103968 227131392 106
21 353 0.8 174 1257227414244424 2048447994880 105
21 353 0.8 175 47592197068968 102925966848 106
21 353 0.8 176 88551387505940 186849951552 106
21 353 0.8 177 4829937274509 9194702670 106
21 353 0.8 178 1756734986340 3971389560 109
21 353 0.8 179 8890609699 2749860 109
21 353 0.8 180 31417862718 70570440 110
21 353 0.8 181 5671133916838835 11670939325936 104
21 353 0.8 182 142034448 15744 109
21 353 0.8 183 3136643326416 8074537920 108
21 353 0.8 184 12491754039040 32089980160 108
21 353 0.8 185 8539595337960 23968075104 108
21 353 0.8 186 77911963501212 88909698240 107
21 353 0.8 187 507879052611574 1126510584864 105
21 353 0.8 188 62243409708 68336352 110
21 353 0.8 189 1956537515296 3551080416 109
21 353 0.8 190 23495957472 29099520 109
21 353 0.8 191 34463250572 71985888 109
21 353 0.8 192 1712476946868 3580611840 108
21 353 0.8 193 5525823339972 18663744960 108
21 353 0.8 194 69622688192 8098944 106
21 353 0.8 195 14631997288 10431360 108
21 353 0.8 196 15448321987424 35468348928 107
21 353 0.8 197 1979416251371216 7747967323104 108
21 353 0.8 198 5552765036204 12533290048 106
21 353 0.8 199 192802874152 54243936 106
21 353 0.8 200 183292403122368 388798596288 108
21 353 0.8 201 1338103566672 2926849536 108
21 353 0.8 202 11460523860 31471200 111
21 353 0.8 203 2908244627704707 5950472404386 104
21 353 0.8 204 6522306850800 5482598400 109
21 353 0.8 205 30341701824 8232192 108
21 353 0.8 206 874911569272 787104480 109
21 353 0.8 207 788415342288 1457678208 107
21 353 0.8 208 19934784 36480 112
21 353 0.8 209 322465287433272 646384128576 105
21 353 0.8 210 19688537292 45639264 111
21 353 0.8 211 9099712167808 15815901696 106
21 353 0.8 212 10860606688 13212928 108
21 353 0.8 213 115819581280 244383552 108
21 353 0.8 214 18950300476496 29947828896 106
21 353 0.8 215 4232162160532 4753762288 107
21 353 0.8 216 5723535467228 18099500880 109
21 353 0.8 217 1202355797216 3177157760 108
21 353 0.8 218 379448687520 226556800 105
21 353 0.8 219 571793144 825344 109
21 353 0.8 220 725140841193 992137410 106
21 353 0.8 221 316665850608 751936608 108
21 353 0.8 222 17831211335 7764933 108
21 353 0.8 223 105899155677374 267578295072 106
21 353 0.8 224 803220372818398 2074772958480 107
21 353 0.8 225 16878793002 45907344 110
21 353 0.8 226 8780502088944 21329455368 109
21 353 0.8 227 32293519795212 59571623664 107
21 353 0.8 228 3523200967334 4053152496 107
21 353 0.8 229 3740650258788 8911852608 107
21 353 0.8 230 49553592048 23260608 110
21 353 0.8 231 1557481441152 945029120 106
21 353 0.8 232 219908143136 32474112 107
21 353 0.8 233 5907874066088 13389583680 108
21 353 0.8 234 623476477254792 1909146426432 106
21 353 0.8 235 7916175423388 14835040432 107
21 353 0.8 236 65414897536 54069792 109
21 353 0.8 237 1079301447372 1596237936 105
21 353 0.8 238 72459645120 143531136 109
21 353 0.8 239 4576401761940 5737045632 107
21 353 0.8 240 34767423004 75197052 109
21 353 0.8 241 6427346048 15390720 108
21 353 0.8 242 90097128 78624 110
21 353 0.8 243 313558089968 204991200 109
21 353 0.8 244 12144024547568 29039736960 107
21 353 0.8 245 129380875250 3366000 109
21 353 0.8 246 35752589190 87878484 109
21 353 0.8 247 376319490672 1104221376 110
21 353 0.8 248 11745552986252 31056913344 107
21 353 0.8 249 575277952048 1557352224 111
21 353 0.8 250 54945868856 122972256 109
21 353 0.8 251 2049992640 497664 109
21 353 0.8 252 13168266655664 43462594560 108
21 353 0.8 253 67297935231664 181488161190 108
21 353 0.8 254 2559335912388448 5930243090688 105
21 353 0.8 255 367855496791944 872683117488 107
21 353 0.8 256 670278744328 83712960 105
21 353 0.8 257 3131471502336 1074954240 105
21 353 0.8 258 58688446812 32514048 107
21 353 0.8 259 22512684157568 71013214080 108
21 353 0.8 260 22385290239420 4135732704 106
21 353 0.8 261 282417887092 481804176 107
21 353 0.8 262 6605643744 14709600 109
21 353 0.8 263 2229374752 3376128 112
21 353 0.8 264 65343973505680 108624520120 105
21 353 0.8 265 4811473346492 9672998240 108
21 353 0.8 266 362600394228 307307520 108
21 353 0.8 267 34149910848 79173120 109
21 353 0.8 268 17127048943944 8382748800 107
21 353 0.8 269 12575276448 25909632 108
21 353 0.8 270 38935008461128448 116744393946600 104
21 353 0.8 271 1194801481 1307652 108
21 353 0.8 272 206959843256 156510144 107
21 353 0.8 273 102550060538144 236939786496 107
21 353 0.8 274 7757917821 1995813 109
21 353 0.8 275 5668853904 12927600 109
21 353 0.8 276 11027241216 3298464 109
21 353 0.8 277 738609875430 4982976 107
21 353 0.8 278 214904801933972 610856101416 109
21 353 0.8 279 33459964384 31311360 108
21 353 0.8 280 12247259991796 30227177440 109
21 353 0.8 281 395206361088 85155840 106
21 353 0.8 282 195042690848 418076928 109
21 353 0.8 283 64453026 131670 112
21 353 0.8 284 12120331920264 35781779808 109
21 353 0.8 285 772700258672 929305944 107
21 353 0.8 286 246956034423200 631661857440 107
21 353 0.8 287 2215246990355688 6230945678628 106
21 353 0.8 288 153986966871856 435882384348 105
21 353 0.8 289 1463471424 4064256 112
21 353 0.8 290 263930335600032 230479393312 105
21 353 0.8 291 1144886925780 166983768 107
21 353 0.8 292 368899539257856 412075059200 106
21 353 0.8 293 1103722280042656 2992979343648 107
21 353 0.8 294 752245966146 1313986950 108
21 353 0.8 295 11933206486594 17847234468 106
21 353 0.8 296 66424103292 113581440 110
21 353 0.8 297 31121140680 68401152 109
21 353 0.8 298 17382585293548 5670092988 108
21 353 0.8 299 16852536470576 33746136000 108
21 353 0.8 300 151156200746496 418378629888 108
21 353 0.8 301 61561157336 47793984 108
21 353 0.8 302 8001222883900 17831533408 107
21 353 0.8 303 548521728 264960 109
21 353 0.8 304 1144278418776 2049300000 108
21 353 0.8 305 42787493136 52309504 108
21 353 0.8 306 4585244866897304 11853592973856 105
21 353 0.8 307 10567226194176 35269696000 107
21 353 0.8 308 23388998016 16524288 111
21 353 0.8 309 4729417964 3708480 110
21 353 0.8 310 27273153882352 69428356404 108
21 353 0.8 311 5120177760 5840640 108
21 353 0.8 312 51030102256 136404000 111
21 353 0.8 313 178184029734800 564439906560 107
21 353 0.8 314 24607927680 56281536 111
21 353 0.8 315 546819011040 1250728128 109
21 353 0.8 316 2211687314496 2199394560 107
21 353 0.8 317 27341761470667080 114016752293360 105
21 353 0.8 318 3590167760048 7584945152 108
21 353 0.8 319 624679502196 814337424 109
21 353 0.8 320 158492880152530 226021893384 106
21 353 0.8 321 7725122334 4696704 109
21 353 0.8 322 260126945440 615395328 108
21 353 0.8 323 3224012223872 7900928336 107
21 353 0.8 324 6688053053042 658350160 109
21 353 0.8 325 479596466544 1419086400 110
21 353 0.8 326 298490126424 375546336 107
21 353 0.8 327 12704190772 6551424 108
21 353 0.8 328 10597959797184 20464189584 108
21 353 0.8 329 1192249652936 3284216256 109
21 353 0.8 330 3828385584 513216 108
21 353 0.8 331 5740484500008 9942916320 108
21 353 0.8 332 1450473048 1946304 110
21 353 0.8 333 40815863172 71811360 110
21 353 0.8 334 1282326719184 3870650880 110
21 353 0.8 335 57094748421022 90010825632 108
21 353 0.8 336 850812596 2192378 111
21 353 0.8 337 154492547889452 324415965480 106
21 353 0.8 338 34113079259640 31426796352 108
21 353 0.8 339 40610047801280 28699098624 107
21 353 0.8 340 2784094191984 8482900608 110
21 353 0.8 341 1674615332809 155004896 106
21 353 0.8 342 5070627964888 10047039192 107
21 353 0.8 343 1118260777560 1626523776 107
21 353 0.8 344 272154764 413952 110
21 353 0.8 345 5318543911104 5679275904 107
21 353 0.8 346 496275340992 1264153536 108
21 353 0.8 347 4139238722528 6853704192 107
21 353 0.8 348 3474163920 2483200 109
21 353 0.8 349 41949676360408 85029588960 105
21 353 0.8 350 71985757790 123993240 106
21 353 0.8 351 7846733583360 4789152000 105
21 353 0.8 352 1729950240640 1057658640 109
21 353 0.8 353 258088630896 569993256 108
21 353 0.8 354 1581567691191252 1949256908120 106
21 353 0.8 355 72756533445 45039456 107
21 353 0.8 356 57127177104 57507840 109
21 353 0.8 357 20102074029892 40690179120 106
21 353 0.8 358 16758344448 25038720 110
21 353 0.8 359 45268440388 64041984 109
21 353 0.8 360 279604986847568 627460403064 106
21 353 0.8 361 198458554656 2384928 106
21 353 0.8 362 2329173412188 3792582684 108
21 353 0.8 363 1398551844946450 1907428437600 105
21 353 0.8 364 79804647923474 131531956280 105
21 353 0.8 365 70601210360 25039872 108
21 353 0.8 366 173982509080 193324032 109
21 353 0.8 367 1712338831300 3339833396 109
21 353 0.8 368 97389772442388 260385272784 107
21 353 0.8 369 134513040384 46925568 108
21 353 0.8 370 160820282072 245836800 110
21 353 0.8 371 2257389953084 4175346660 107
21 353 0.8 372 949789293690 2728990440 110
21 353 0.8 373 889859696250 1197015216 109
21 353 0.8 374 26655916256 64441104 111
21 353 0.8 375 119991034161604 252752284764 108
21 353 0.8 376 1553820822042 3360887500 107
21 353 0.8 377 5043326476 4707032 109
21 353 0.8 378 1999213951269576 5265101403264 106
21 353 0.8 379 6140468212481226 10537244344648 104
21 353 0.8 380 7901898912 18741888 111
21 353 0.8 381 6392667132 7325340 109
21 353 0.8 382 1232485109248 3998492736 108
21 353 0.8 383 48049368 8928 111
21 353 0.8 384 4174979760 9797760 109
21 353 0.8 385 2634138272384 7132452160 109
21 353 0.8 386 1351856281176 1182622208 106
21 353 0.8 387 397049824 805608 112
21 353 0.8 388 2856800 6000 113
21 353 0.8 389 6916241552928 6434134560 106
21 353 0.8 390 256086636596708 684383082600 107
21 353 0.8 391 174543016940 436591368 109
21 353 0.8 392 6053322583138416 12077081407872 106
21 353 0.8 393 15084356727993 32590962810 105
21 353 0.8 394 11295255960 13570560 109
21 353 0.8 395 151215691223420 483098421504 107
21 353 0.8 396 902004001541528 2306910738264 107
21 353 0.8 397 136287778376 262004808 107
21 353 0.8 398 413004024237857 996279517616 106
21 353 0.8 399 3533147268672 2873069568 106
21 353 0.8 400 40777690947168 97488966144 106
21 353 0.8 401 2500338841184 3004176640 108
21 353 0.8 402 80494755694 47609496 106
21 353 0.8 403 1488693952 1474560 110
21 353 0.8 404 7470088942436 14913770032 106
21 353 0.8 405 222978672226392 453643273968 106
21 353 0.8 406 4951900 792 110
21 353 0.8 407 910521048924 1317161736 108
21 353 0.8 408 18757887904954 51572339212 107
21 353 0.8 409 37883427564469 98367015903 108
21 353 0.8 410 665072603616 1101376640 108
21 353 0.8 411 12668421620 14005696 107
21 353 0.8 412 11240879264480 28504700160 107
21 353 0.8 413 73736794339696 129038870400 107
21 353 0.8 414 99846870724728 251709715008 108
21 353 0.8 415 114235382829896 254970726528 106
21 353 0.8 416 121601591760 275845248 108
21 353 0.8 417 3089489658186 8947161360 108
21 353 0.8 418 23050253157690896 71381755534080 105
21 353 0.8 419 94835917016 197714560 108
21 353 0.8 420 51686492820 122264208 110
21 353 0.8 421 14087435232 35118720 112
21 353 0.8 422 80103331080 46267200 110
21 353 0.8 423 331725444 476064 110
21 353 0.8 424 4386063238936 10739690432 110
21 353 0.8 425 8345890008078 17473174992 107
21 353 0.8 426 33278853008184 5880457440 106
21 353 0.8 427 445722967540 640829448 108
21 353 0.8 428 898490583160 1607245668 108
21 353 0.8 429 42156003312384 85161030208 105
21 353 0.8 430 1709439048 1563840 106
21 353 0.8 431 143677843210 205949856 108
21 353 0.8 432 3109954784 86400 109
21 353 0.8 433 62477510 47080 109
21 353 0.8 434 1646623392 1762656 109
21 353 0.8 435 16079388773538044 44400389608448 104
21 353 0.8 436 2121950797329 25926660 110
21 353 0.8 437 274423475802 319055904 107
21 353 0.8 438 21144906786 46522944 107
21 353 0.8 439 152090916984 221582880 109
21 353 0.8 440 97426944480 152845168 108
21 353 0.8 441 190311951284 312711984 108
21 353 0.8 442 136108466888 279417248 109
21 353 0.8 443 63041184 123840 113
21 353 0.8 444 7372842224 3791160 108
21 353 0.8 445 771603550156 1680598112 107
21 353 0.8 446 4916043094640 14835643680 108
21 353 0.8 447 331868412576 38863872 107
21 353 0.8 448 7243701264 3278880 110
21 353 0.8 449 6316601306656 3178025472 108
21 353 0.8 450 3226411979968 9801462400 108
21 353 0.8 451 11047161792 30319680 110
21 353 0.8 452 719406654372 1197907056 108
21 353 0.8 453 9106673936 19031408 111
21 353 0.8 454 91665030992068 207433795830 107
21 353 0.8 455 307573857560 581349120 108
21 353 0.8 456 2266784093662 5553424800 109
21 353 0.8 457 589265364 57600 109
21 353 0.8 458 34481599300580 52037353658 106
21 353 0.8 459 1085653790164 185764488 107
21 353 0.8 460 6613830365436 10169394480 108
21 353 0.8 461 734405701312 1521239808 106
21 353 0.8 462 299292372 21960 109
21 353 0.8 463 53868819381648 77318089488 106
21 353 0.8 464 3403112783824 9119193162 108
21 353 0.8 465 293385417528 387512928 107
21 353 0.8 466 14751591720 540000 107
21 353 0.8 467 141747458772960 311656566208 105
21 353 0.8 468 21792807096360 52724188944 107
21 353 0.8 469 11471840951130 5658413760 107
21 353 0.8 470 9661287744 19806336 111
21 353 0.8 471 20553822282136 50081279336 108
21 353 0.8 472 458483344848 629980416 109
21 353 0.8 473 42807472580736 86883014400 107
21 353 0.8 474 43674312320 87644160 108
21 353 0.8 475 15517632322640 40546582464 109
21 353 0.8 476 3614249083248 7979779800 107
21 353 0.8 477 922954901393168 3682827673728 106
21 353 0.8 478 581582202112 649245696 108
21 353 0.8 479 409045428744 632788232 105
21 353 0.8 480 154804162464 254016000 108
21 353 0.8 481 1518662852974424 3026383492896 106
21 353 0.8 482 547271872 907200 109
21 353 0.8 483 3501213191208 5435035200 107
21 353 0.8 484 141361819436 95951400 109
21 353 0.8 485 16150606715563 37459564332 106
21 353 0.8 486 9952939200 31170816 111
21 353 0.8 487 1438181839104 696683520 108
21 353 0.8 488 17466659552 43918464 111
21 353 0.8 489 1914586590500 3319976668 107
21 353 0.8 490 37455591984 76709568 109
21 353 0.8 491 276234201032 670928096 108
21 353 0.8 492 338574047402988 937362465720 108
21 353 0.8 493 4904104600 11923200 111
21 353 0.8 494 35400124544264 95652502464 107
21 353 0.8 495 4682123614368 11893259880 107
21 353 0.8 496 2430409540078 4109611732 107
21 353 0.8 497 1937800474876 5828548152 108
21 353 0.8 498 24477698880 8164800 109
21 353 0.8 499 71429685044 77261712 108
21 353 0.8 500 19799919552 49904640 111
21 353 0.8 501 1.179705356464e12 3.24508824e8 106
21 353 0.8 502 1.652130305194e12 2.57994324e9 107
21 353 0.8 503 1.116336722976e12 8.075376e8 108
21 353 0.8 504 2.679007274427e12 6.164380874e9 107
21 353 0.8 505 1.51989722384e11 3.11090432e8 108
21 353 0.8 506 8.9234090592e11 1.953574656e9 108
21 353 0.8 507 1.794991673736e12 2.08190504e9 107
21 353 0.8 508 2.00071434324e11 2.75616e6 108
21 353 0.8 509 2.3689470489219004e16 6.485538803272e13 106
21 353 0.8 510 2.103052886e9 297616.0 109
21 353 0.8 511 7.807156704896e12 2.3257933904e10 109
21 353 0.8 512 8.4920090016657e14 1.667169286076e12 106
21 353 0.8 513 7.802172144e9 1.368576e7 111
21 353 0.8 514 4.86976615666632e14 1.03843548072e12 106
21 353 0.8 515 7.554653088e9 1.1294208e7 107
21 353 0.8 516 1.31752316898495e14 2.0683024663e11 106
21 353 0.8 517 3.0694997649e12 6.431243408e9 109
21 353 0.8 518 1.4676565992e10 6.28488e6 109
21 353 0.8 519 3.373983887818e12 2.8333188e9 108
21 353 0.8 520 4.9413276744e10 1.233792e7 107
21 353 0.8 521 3.4442272256e10 5.76576e7 109
21 353 0.8 522 6.70361438344e11 1.60348104e9 108
21 353 0.8 523 9.5462610448e10 2.16935232e8 108
21 353 0.8 524 9.704898649352e12 1.9111386816e10 108
21 353 0.8 525 8.0619172e7 25920.0 108
21 353 0.8 526 1.24518209776e13 2.310495104e10 107
21 353 0.8 527 3.0508144e7 3456.0 109
21 353 0.8 528 7.35787368572e11 1.63142784e9 109
21 353 0.8 529 1.362600800139e13 3.755000718e10 108
21 353 0.8 530 7.76521982512e11 5.65500672e8 108
21 353 0.8 531 1.34704496e8 176000.0 111
21 353 0.8 532 1.5623769917288e13 3.7293732864e10 108
21 353 0.8 533 1.3014626536518e14 1.50802596e11 107
21 353 0.8 534 7.65153501624e12 2.983326336e9 106
21 353 0.8 535 1.1456202855556e13 3.870323176e9 107
21 353 0.8 536 5.18256257546444e14 1.71851185872e12 106
21 353 0.8 537 9.43427008e8 1.18912e6 109
21 353 0.8 538 3.10090189403e11 2.15328e7 108
21 353 0.8 539 2.99782536912e11 5.2288704e8 107
21 353 0.8 540 1.115046292256e12 4.21047808e8 106
21 353 0.8 541 1.440327456e9 1.850688e6 108
21 353 0.8 542 3.7189168420124e13 8.5518973472e10 107
21 353 0.8 543 1.2402761688e10 6.64848e6 108
21 353 0.8 544 2.39598368975648e14 1.71222123904e11 105
21 353 0.8 545 1.903741188624e12 5.7861216e9 109
21 353 0.8 546 5.65018592198e11 5.1727728e7 107
21 353 0.8 547 3.955447461968e12 5.117481216e9 108
21 353 0.8 548 2.53378028792e11 1.56558528e8 106
21 353 0.8 549 1.48612642118e11 2.5809075e8 108
21 353 0.8 550 1.097870721361e13 1.4901155715e10 107
21 353 0.8 551 1.79330787096e11 1.672704e7 108
21 353 0.8 552 1.5993656208e11 2.0863872e8 107
21 353 0.8 553 2.0628161856e10 5.30496e7 110
21 353 0.8 554 9.1714522151472e13 2.46341126592e11 107
21 353 0.8 555 5.563275674546e13 1.63428612616e11 108
21 353 0.8 556 6.823992898e9 4.80256e6 107
21 353 0.8 557 4.94509256771084e14 1.139411298216e12 106
21 353 0.8 558 7.47335497478e11 9.84770022e8 107
21 353 0.8 559 2.1411405703544e13 1.87776576e10 107
21 353 0.8 560 1.6462228173e11 3.99043584e8 109
21 353 0.8 561 5.6465599728e10 8.14096e7 110
21 353 0.8 562 8.7755466432e10 6.190176e7 109
21 353 0.8 563 1.1023328053968e13 2.211820416e10 108
21 353 0.8 564 6.0854218835272e13 1.08716777568e11 105
21 353 0.8 565 5.058129336912e12 1.0582368768e10 109
21 353 0.8 566 2.07782832656e11 3.51956528e8 109
21 353 0.8 567 2.6801850615246e14 7.57430600064e11 105
21 353 0.8 568 2.5738305984e10 5.13216e6 109
21 353 0.8 569 7.45308904176e11 1.7531136e9 108
21 353 0.8 570 4.5027106448928e13 7.6273022528e10 106
21 353 0.8 571 6.8883711567776e13 1.3981267968e10 105
21 353 0.8 572 1.50886046458e11 8.9748852e7 107
21 353 0.8 573 8.44650663453e11 1.99433178e9 108
21 353 0.8 574 8.85385139508e11 2.119286592e9 110
21 353 0.8 575 1.2651629568e10 3.414528e7 109
21 353 0.8 576 5.7711200689936e13 1.80591297024e11 106
21 353 0.8 577 2.20994132004e11 3.8714688e8 108
21 353 0.8 578 3.446611216e9 1.999296e6 111
21 353 0.8 579 1.09724462181205e14 3.14569576278e11 107
21 353 0.8 580 5.181327888e9 2.8188e6 108
21 353 0.8 581 2.2406017822048e13 6.5866530048e10 107
21 353 0.8 582 5.1644828274938e13 1.41942266112e11 107
21 353 0.8 583 4.2376541263908e13 8.3983714848e10 107
21 353 0.8 584 1.2083271696e10 3.4841664e7 111
21 353 0.8 585 4.05996891144e11 5.97902016e8 108
21 353 0.8 586 1.18025067648e11 6.819624e7 109
21 353 0.8 587 1.573901855682e13 3.552912072e10 107
21 353 0.8 588 5.44481897568e11 7.6478904e8 108
21 353 0.8 589 1.6884445176e11 4.910976e7 108
21 353 0.8 590 2.94475355862218e14 2.13196629888e11 107
21 353 0.8 591 4.82660179651e11 9.5764662e8 108
21 353 0.8 592 2.584786528e9 4.969488e6 111
21 353 0.8 593 3.91225044648e11 8.01725424e8 108
21 353 0.8 594 4.996854052196e12 1.444871268e10 109
21 353 0.8 595 3.4847310432e10 316800.0 107
21 353 0.8 596 1.334915088912e12 1.74436416e9 107
21 353 0.8 597 2.166367004238e13 1.6230234816e10 107
21 353 0.8 598 4.1101817247128e13 1.11955789024e11 107
21 353 0.8 599 3.60665691216e11 7.02708064e8 108
21 353 0.8 600 2.6650369968e10 7.442496e7 109
21 353 0.8 601 9.775523194387e12 2.123294563e10 107
21 353 0.8 602 3.1459487388e11 2.9696832e8 108
21 353 0.8 603 5.16779559352e11 1.70142624e9 112
21 353 0.8 604 1.228126249829535e15 3.64567512412e12 107
21 353 0.8 605 6.95170413224e11 5.614224e8 108
21 353 0.8 606 4.350998890155e13 1.0539090396e10 106
21 353 0.8 607 1.9737641682e10 1.668312e7 107
21 353 0.8 608 5.22675504e10 1.20932352e8 108
21 353 0.8 609 1.798996256e9 2.456064e6 111
21 353 0.8 610 9.3171604272e10 2.0748672e8 109
21 353 0.8 611 3.33006295892e11 1.08153024e9 110
21 353 0.8 612 3.5881905312e10 2.41056e7 108
21 353 0.8 613 1.00521971262e11 2.7844128e8 110
21 353 0.8 614 5.0255781233e10 8.8506825e7 110
21 353 0.8 615 7.32141966e8 1.134432e6 109
21 353 0.8 616 3.9036767159568e13 9.146009376e10 106
21 353 0.8 617 5.6632792792e11 4.10680064e8 109
21 353 0.8 618 1.0129644112e10 2.651136e7 111
21 353 0.8 619 5.92359058e9 532656.0 109
21 353 0.8 620 1.73785793658008e15 4.86473108864e11 104
21 353 0.8 621 1.95435523512e12 2.678422386e9 109
21 353 0.8 622 1.30809602344e11 3.16416e6 108
21 353 0.8 623 5.3384583275032e13 1.22372514468e11 107
21 353 0.8 624 7.0247611692e10 1.20960384e8 108
21 353 0.8 625 4.10660884825544e14 7.0816319664e11 105
21 353 0.8 626 1.950247472e10 3.9689856e7 109
21 353 0.8 627 1.004630662627e12 9.6964616e8 109
21 353 0.8 628 1.464664930488412e16 2.298990663096e13 104
21 353 0.8 629 9.968165464728e12 3.5063583984e10 108
21 353 0.8 630 5.4702594618304e13 1.3088333696e11 106
21 353 0.8 631 3.1800681504e10 967680.0 107
21 353 0.8 632 1.65596128161196e14 2.61843046544e11 108
21 353 0.8 633 6.879877056e10 2.5206016e7 108
21 353 0.8 634 8.451417415448e12 1.742963984e10 107
21 353 0.8 635 4.70335663202594e14 7.45535788864e11 107
21 353 0.8 636 2.714661504038e12 6.523745416e9 108
21 353 0.8 637 2.8069820352e10 2.6500608e7 107
21 353 0.8 638 8.935987392e9 1.7149248e7 111
21 353 0.8 639 1.55381074048e11 1.0264512e8 109
21 353 0.8 640 6.708139968e9 9.589104e6 109
21 353 0.8 641 3.17274619244e11 6.7045872e8 108
21 353 0.8 642 5.69081406e10 8.8056e7 108
21 353 0.8 643 4.963953885e9 1.543676e6 108
21 353 0.8 644 2.39202182256e11 2.4022944e8 108
21 353 0.8 645 7.547793159923e13 1.81771542984e11 107
21 353 0.8 646 4.698470563866e12 1.1639163304e10 108
21 353 0.8 647 2.05166421294e11 5.12196048e8 109
21 353 0.8 648 8.4992352e8 352512.0 107
21 353 0.8 649 1.31091150691428e14 1.03378518108e11 105
21 353 0.8 650 3.50777570917175e15 6.31020199032e12 105
21 353 0.8 651 3.1799501272e10 3.7496656e7 108
21 353 0.8 652 6.8784894195136e13 1.6921427328e11 108
21 353 0.8 653 6.8717333541132e14 1.19194000016e12 106
21 353 0.8 654 4.6652084064e10 1.90512e7 109
21 353 0.8 655 1.353213432e9 3.213e6 109
21 353 0.8 656 3.2027280856e13 4.2386308864e10 107
21 353 0.8 657 4.6626530616e10 1.321488e8 109
21 353 0.8 658 1.079442415872e12 1.52875008e9 107
21 353 0.8 659 1.507711104e9 2.585088e6 110
21 353 0.8 660 9.1924181678816e13 2.423747328e9 106
21 353 0.8 661 2.199618464928e12 6.322948352e9 109
21 353 0.8 662 8.2056434572e10 1.2695984e8 110
21 353 0.8 663 4.3077255264e10 9.378432e7 110
21 353 0.8 664 3.201633024e11 6.528e8 108
21 353 0.8 665 8.8153868896e10 5.1640704e7 108
21 353 0.8 666 1.94696578528e11 2.6038944e8 109
21 353 0.8 667 1.9617495864e10 1.3934592e7 108
21 353 0.8 668 1.16239663938e11 1.2055584e8 109
21 353 0.8 669 3.53507156916e11 2.8355328e8 107
21 353 0.8 670 6.0615190926708e13 1.09562468544e11 107
21 353 0.8 671 4.7225476271506e13 1.16092773616e11 107
21 353 0.8 672 8.535284019944e12 2.1225625152e10 108
21 353 0.8 673 1.4760228047856e13 2.946635712e10 107
21 353 0.8 674 5.3164864404e11 9.4594752e8 107
21 353 0.8 675 1.30641255159e12 3.32788792e9 108
21 353 0.8 676 1.370954652664e12 2.848231504e9 108
21 353 0.8 677 1.39211285052e11 2.42206848e8 108
21 353 0.8 678 1.3979069255034e13 3.7775237328e10 110
21 353 0.8 679 1.5283366858782e13 4.435119426e10 107
21 353 0.8 680 3.157699745136e12 8.088502272e9 108
21 353 0.8 681 1.00156302787896e14 2.79118993536e11 107
21 353 0.8 682 9.8315669768e10 2.8483616e8 111
21 353 0.8 683 2.8794151936e10 2.65692e7 108
21 353 0.8 684 7.714224e8 414720.0 109
21 353 0.8 685 5.066216532e9 1.0732176e7 110
21 353 0.8 686 2.654003786544e12 3.413181888e9 108
21 353 0.8 687 3.1842746752e10 6.2863584e7 109
21 353 0.8 688 4.359486799074e12 9.79704e9 108
21 353 0.8 689 8.63473056e8 2.245632e6 112
21 353 0.8 690 2.68600557072e11 5.474304e7 107
21 353 0.8 691 4.42609472209e11 9.48744928e8 110
21 353 0.8 692 5.80154256e9 3.845088e6 109
21 353 0.8 693 8.445654108e9 1.3974768e7 109
21 353 0.8 694 4.04331491898e11 2.20602816e8 109
21 353 0.8 695 1.092384944e10 1.8936e7 110
21 353 0.8 696 1.4798648262476e13 3.604666896e10 107
21 353 0.8 697 1.2845676503447e14 1.02453331464e11 107
21 353 0.8 698 8.585736093108e12 2.3600536596e10 108
21 353 0.8 699 1.6001639808e10 4.4863232e7 111
21 353 0.8 700 1.381324026944e12 3.00458464e8 108
21 353 0.8 701 8.6468673689856e13 1.97556330036e11 107
21 353 0.8 702 1.43257050408e11 3.15652896e8 109
21 353 0.8 703 2.99518677396572e15 5.308983919224e12 103
21 353 0.8 704 7.55459442856172e14 5.31281177856e11 106
21 353 0.8 705 3.434959165112e13 6.6229009008e10 107
21 353 0.8 706 7.426087297e9 3.106614e6 108
21 353 0.8 707 1.2253374224e10 3.810048e7 111
21 353 0.8 708 5.00886435886e11 6.29821392e8 110
21 353 0.8 709 2.95445578704e11 2.2450176e8 106
21 353 0.8 710 4.1971945549278e13 7.84710768e10 107
21 353 0.8 711 1.312775605616054e15 1.849153379352e12 104
21 353 0.8 712 8.6312721820464e13 1.90272248064e11 107
21 353 0.8 713 3.18908352e8 449280.0 108
21 353 0.8 714 3.8316673102e10 8.0676468e7 108
21 353 0.8 715 3.98742498176e11 8.46757152e8 108
21 353 0.8 716 4.7502649079458e13 9.8473267758e10 108
21 353 0.8 717 2.03167379712e11 4.6697904e8 109
21 353 0.8 718 1.83778510654032e14 2.17897265856e11 107
21 353 0.8 719 2.7343276544e10 4.3774848e7 108
21 353 0.8 720 7.9362934712178e13 1.6646916276e11 107
21 353 0.8 721 2.9412991722192e13 6.15186804e10 106
21 353 0.8 722 5.45807454e9 1.1775456e7 111
21 353 0.8 723 5.2132559542328e13 4.7690498464e10 108
21 353 0.8 724 2.753644856e9 5.773248e6 111
21 353 0.8 725 5.9572304392512e13 1.69726574592e11 108
21 353 0.8 726 3.7279505488704e13 9.021845196e9 106
21 353 0.8 727 1.184918944154e12 2.236987482e9 109
21 353 0.8 728 4.3683679592624e13 6.5709703776e10 106
21 353 0.8 729 4.8908397414324e13 8.3404323288e10 105
21 353 0.8 730 2.9873113899e11 3.32727588e8 108
21 353 0.8 731 6.03129364008e11 5.58465408e8 106
21 353 0.8 732 1.2270061728e10 9.73824e6 107
21 353 0.8 733 1.07176599972e11 2.63233152e8 109
21 353 0.8 734 1.8302193e8 285768.0 109
21 353 0.8 735 5.748434076176e12 9.449131536e9 107
21 353 0.8 736 9.211238496384e12 1.0481998464e10 107
21 353 0.8 737 4.84656623652e11 1.39314728e9 111
21 353 0.8 738 4.215914410648e12 9.316657152e9 107
21 353 0.8 739 5.3572230432e10 2.832e7 107
21 353 0.8 740 1.25142843657e11 82140.0 106
21 353 0.8 741 3.08306449624e12 8.716166608e9 109
21 353 0.8 742 5.617702904e10 1.3731264e8 110
21 353 0.8 743 3.0228293728e11 3.785376e8 107
21 353 0.8 744 4.43126261682e11 2.94953532e8 107
21 353 0.8 745 1.7850705866e10 5.1276096e7 110
21 353 0.8 746 1.151509916768e12 1.36034304e9 107
21 353 0.8 747 2.608996582416e12 1.117479104e9 107
21 353 0.8 748 2.3899774966292e13 1.1495268884e10 106
21 353 0.8 749 3.91189936e8 730624.0 111
21 353 0.8 750 1.45806974079628e14 4.31149747648e11 109
21 353 0.8 751 9.51343074774e11 1.650867264e9 108
21 353 0.8 752 3.83419284228e12 8.3865888e9 108
21 353 0.8 753 7.97238026768e11 2.96797824e8 109
21 353 0.8 754 3.139763696e9 7.899936e6 112
21 353 0.8 755 2.1020573278384e13 2.0758393632e10 105
21 353 0.8 756 1.979324544e9 3.60864e6 109
21 353 0.8 757 4.72070004032e12 1.0310203392e10 108
21 353 0.8 758 5.8347054139826e13 1.12038895476e11 106
21 353 0.8 759 1.64825273856e11 3.1693718e8 109
21 353 0.8 760 1.63802630056e11 1.4262336e7 107
21 353 0.8 761 6.3601343616e10 1.26144e7 108
21 353 0.8 762 1.437272788032e12 3.553797312e9 108
21 353 0.8 763 1.1543955554296e13 2.2914509568e10 107
21 353 0.8 764 7.4541976002e10 2.5489728e7 107
21 353 0.8 765 4.097726708108e12 8.899659104e9 108
21 353 0.8 766 9.8024779e10 2.40296832e8 109
21 353 0.8 767 1.89257181559853e14 2.45215062585e11 106
21 353 0.8 768 3.894249568074e12 9.35175276e9 109
21 353 0.8 769 2.4882821430354864e16 7.9572896197568e13 105
21 353 0.8 770 3.009677292796e12 1.263159756e9 106
21 353 0.8 771 3.14617627879488e14 7.40640406946e11 107
21 353 0.8 772 3.0179514024642e13 3.8172661644e10 108
21 353 0.8 773 1.077703132e10 1.3058424e7 108
21 353 0.8 774 3.36234426736e12 3.455904e9 106
21 353 0.8 775 6.86307552042657e14 1.043761728898e12 106
21 353 0.8 776 4.614149368e9 8.00256e6 108
21 353 0.8 777 3.501854853e10 3.6783684e7 109
21 353 0.8 778 8.91146815516e11 1.088939376e9 107
21 353 0.8 779 2.8285692887948e13 5.76919372e10 107
21 353 0.8 780 2.1067012492976e13 4.370300352e10 107
21 353 0.8 781 8.482813111852e12 4.056863328e9 108
21 353 0.8 782 6.266758152e9 1.212992e7 111
21 353 0.8 783 2.70636264e9 820368.0 108
21 353 0.8 784 1.47535307952e11 2.203848e8 108
21 353 0.8 785 4.24057963068e12 1.136985696e10 110
21 353 0.8 786 1.4572305751315e13 3.464357493e10 109
21 353 0.8 787 7.1065910448e10 1.01418912e8 110
21 353 0.8 788 1.02891541396e11 2.94812352e8 110
21 353 0.8 789 1.33547471136e11 3.1342464e8 109
21 353 0.8 790 1.572646736e9 3.86048e6 110
21 353 0.8 791 2.156031572674824e15 7.8937765724e11 105
21 353 0.8 792 1.08917118408236e14 2.4496562094e11 106
21 353 0.8 793 7.151165171496e12 1.76072958e10 108
21 353 0.8 794 9.901320564e9 1.216512e7 110
21 353 0.8 795 1.528306116976e13 9.052746752e9 106
21 353 0.8 796 2.925770904032e12 1.5817728e7 105
21 353 0.8 797 6.103685403e9 1.553175e7 110
21 353 0.8 798 1.750670928e9 46656.0 108
21 353 0.8 799 6.462551891006e12 1.411686198e10 108
21 353 0.8 800 1.5287435790712e13 2.675625408e10 106
21 353 0.8 801 1.75399959614e11 4.43990428e8 109
21 353 0.8 802 1.377843016e10 5.76576e6 108
21 353 0.8 803 1.01074505034e12 5.61599168e8 108
21 353 0.8 804 7.9794358959e10 1.1602899e8 110
21 353 0.8 805 5.9884291651736e13 1.55552233504e11 108
21 353 0.8 806 2.978070498648e12 8.85021696e9 109
21 353 0.8 807 8.1246712436e10 2.1007712e8 111
21 353 0.8 808 1.9525073001144e13 1.8420864e10 107
21 353 0.8 809 1.78302456e9 3.888e6 111
21 353 0.8 810 3.184363168865e13 4.0023979344e10 107
21 353 0.8 811 6.8984937293256e13 1.1564222796e11 108
21 353 0.8 812 6.5181984730883e13 1.3169330353e10 105
21 353 0.8 813 4.4346549562896e13 1.14283342656e11 108
21 353 0.8 814 5.630956863128e13 1.02841012864e11 107
21 353 0.8 815 1.01823726e8 112896.0 109
21 353 0.8 816 1.3277110358992e13 3.834951552e9 106
21 353 0.8 817 5.672776491e10 1.380258e8 110
21 353 0.8 818 8.463886e8 1.53594e6 110
21 353 0.8 819 2.78306658076e11 5.9799712e8 109
21 353 0.8 820 6.91540459296e11 1.72136448e9 109
21 353 0.8 821 5.1478236057247e13 1.1617621668e11 107
21 353 0.8 822 8.83333931362e11 2.494265232e9 110
21 353 0.8 823 4.863430872516e12 1.5528416544e10 108
21 353 0.8 824 1.10530074262746e14 2.15308555608e11 107
21 353 0.8 825 7.02040128e9 1.984512e6 109
21 353 0.8 826 6.38372744e8 380160.0 109
21 353 0.8 827 3.71077786032e11 9.11208384e8 108
21 353 0.8 828 4.007957698420716e15 1.2455098802208e13 106
21 353 0.8 829 1.3271485608e11 8.460288e7 109
21 353 0.8 830 3.50874575329592e14 6.23482714968e11 106
21 353 0.8 831 1.745354312e9 2.51952e6 111
21 353 0.8 832 1.576038766744e12 1.40431488e8 106
21 353 0.8 833 8.0883545290864e13 5.232505824e9 103
21 353 0.8 834 1.1046475882692e13 2.641683096e10 109
21 353 0.8 835 1.282344605e12 3.622862976e9 109
21 353 0.8 836 3.5541513912e11 1.031352e9 109
21 353 0.8 837 1.914635272658e14 3.11393976164e11 106
21 353 0.8 838 4.33854407552e12 7.28883712e9 108
21 353 0.8 839 5.4778368e7 72000.0 111
21 353 0.8 840 3.5957684698e10 5.420934e7 109
21 353 0.8 841 1.77644733282e11 3.36086496e8 108
21 353 0.8 842 2.7675122392e11 7.03471104e8 108
21 353 0.8 843 3.6471068832e11 4.9366632e8 110
21 353 0.8 844 4.463804332e9 6.008448e6 110
21 353 0.8 845 1.20008544e10 3.0114168e7 110
21 353 0.8 846 1.71668029786e11 3.33539436e8 109
21 353 0.8 847 3.2645167068e10 6.052068e7 109
21 353 0.8 848 5.72101839897248e14 1.731496623312e12 108
21 353 0.8 849 3.220545987352e12 6.115143584e9 108
21 353 0.8 850 1.3649961888e10 8.24832e6 108
21 353 0.8 851 1.7233279752594e13 4.7909908756e10 107
21 353 0.8 852 7.5153376e8 1.089968e6 110
21 353 0.8 853 2.3854289462064e13 8.090854848e10 107
21 353 0.8 854 1.0565350239564e13 2.082706596e10 106
21 353 0.8 855 6.81607340448e11 2.142878976e9 110
21 353 0.8 856 1.333701792e9 760320.0 108
21 353 0.8 857 2.689449549249e12 6.987582134e9 109
21 353 0.8 858 9.91370911424e11 3.053150784e9 108
21 353 0.8 859 4.67485617924e11 6.403968e7 108
21 353 0.8 860 1.7867876968e10 1.264104e7 107
21 353 0.8 861 1.1828306441312e13 8.067326592e9 106
21 353 0.8 862 1.6822056255168e13 3.0877645824e10 108
21 353 0.8 863 1.56892665194314e14 4.4626796676e11 107
21 353 0.8 864 1.4769295536e11 3.24864e8 108
21 353 0.8 865 4.096940685192e12 1.1681459712e10 110
21 353 0.8 866 9.4994273394e10 3.8930544e7 108
21 353 0.8 867 2.54894026512e11 1.8130176e8 105
21 353 0.8 868 1.43048137672092e14 4.910938632e11 107
21 353 0.8 869 3.6800070875816e13 2.5684971648e10 107
21 353 0.8 870 1.463112956224e12 1.256759136e9 107
21 353 0.8 871 2.263460303256e12 6.289275456e9 107
21 353 0.8 872 3.579855338e9 1.013325e6 109
21 353 0.8 873 2.2288776242754e13 3.530881152e9 105
21 353 0.8 874 6.4470159336e10 1.3674771e8 108
21 353 0.8 875 9.0841887008e10 1.7313888e8 108
21 353 0.8 876 1.11977882976e11 2.44419072e8 109
21 353 0.8 877 2.336160824e9 81792.0 108
21 353 0.8 878 1.404160322112e12 4.425819264e9 109
21 353 0.8 879 1.407732209168e12 4.369365984e9 110
21 353 0.8 880 4.9057254504e10 4.64292e7 108
21 353 0.8 881 2.6553310306064e13 6.983753856e10 108
21 353 0.8 882 7.73206845168e11 6.7968e7 107
21 353 0.8 883 7.48228076e9 8.042496e6 108
21 353 0.8 884 2.8373452544176e14 9.83473966872e11 108
21 353 0.8 885 5.2477452408e10 7.517952e6 109
21 353 0.8 886 5.1680736787306e13 1.33018517544e11 107
21 353 0.8 887 9.204683264e10 1.582592e8 108
21 353 0.8 888 1.9450525512e10 4.2744096e7 109
21 353 0.8 889 1.333033519932e12 1.13899464e9 105
21 353 0.8 890 3.85671866972e11 7.43879472e8 108
21 353 0.8 891 5.340893277868e12 3.752388012e9 107
21 353 0.8 892 6.8265103812e10 1.669824e8 108
21 353 0.8 893 8.60611446252e11 2.20167792e9 109
21 353 0.8 894 1.97404659391e11 6.38062258e8 112
21 353 0.8 895 9.279088528e9 6.744e6 110
21 353 0.8 896 1.066870764632e13 4.004264544e9 106
21 353 0.8 897 3.4361000724e10 9.6548832e7 108
21 353 0.8 898 5.5012048456e10 1.36416e8 110
21 353 0.8 899 1.484186011488e12 3.59414496e9 109
21 353 0.8 900 2.352161216194e12 6.763012032e9 109
21 353 0.8 901 6.92874565972017e14 1.00989734592e11 104
21 353 0.8 902 3.1881866736e10 4.161024e7 109
21 353 0.8 903 9.435963011464e12 9.115255728e9 108
21 353 0.8 904 2.77822104958536e14 7.3648774208e11 107
21 353 0.8 905 6.699140761792e12 1.4411909904e10 106
21 353 0.8 906 8.5391555663808e13 2.05810934976e11 107
21 353 0.8 907 3.183876606e9 294294.0 107
21 353 0.8 908 1.34068540458e11 4.4684694e7 107
21 353 0.8 909 3.27559168e9 3.6864e6 109
21 353 0.8 910 1.4477656104e10 3.748032e6 109
21 353 0.8 911 2.483978333119032e15 1.668276928656e12 105
21 353 0.8 912 2.56503744e9 1.28736e6 110
21 353 0.8 913 5.5829126336e10 3.856416e7 109
21 353 0.8 914 9.274856780418e12 1.157472e6 106
21 353 0.8 915 1.1259985366016178e16 2.864645120944e13 107
21 353 0.8 916 1.9304677017876e13 4.28542992e10 105
21 353 0.8 917 1.830871176e9 80640.0 109
21 353 0.8 918 3.12506826635446e14 7.57408602e11 107
21 353 0.8 919 3.23301090864e11 5.45863968e8 108
21 353 0.8 920 1.9811887872e10 564480.0 107
21 353 0.8 921 1.7419314844348e13 3.0568344544e10 107
21 353 0.8 922 3.5806660092e10 2.375028e7 109
21 353 0.8 923 5.47601493016e11 1.027166088e9 108
21 353 0.8 924 1.180494272196e12 2.498393088e9 109
21 353 0.8 925 2.2429016325e12 4.0674816e8 107
21 353 0.8 926 5.169708296e9 2.426256e6 109
21 353 0.8 927 3.51527351472e11 4.719141e8 109
21 353 0.8 928 4.32939369084e11 4.56634736e8 107
21 353 0.8 929 1.20969957408e11 1.07536384e8 108
21 353 0.8 930 1.3734535285934e13 7.864682052e9 106
21 353 0.8 931 1.536771648e9 2.41056e6 110
21 353 0.8 932 2.843877703038e12 5.669006184e9 107
21 353 0.8 933 6.189180058e9 8.069544e6 109
21 353 0.8 934 4.3199497717872e13 2.8908047232e10 106
21 353 0.8 935 1.2643553216e10 3.838464e6 110
21 353 0.8 936 3.28531729984e11 2.39019072e8 107
21 353 0.8 937 1.37925754828e11 2.4601968e8 108
21 353 0.8 938 5.730627968e9 5.4912e6 108
21 353 0.8 939 3.22811287536e11 8.6481008e8 110
21 353 0.8 940 1.420886355e12 1.30622736e9 107
21 353 0.8 941 3.72491760114e12 5.5379376e9 107
21 353 0.8 942 3.370848189258e13 6.8038538208e10 106
21 353 0.8 943 1.16371881157e11 1.0220784e8 109
21 353 0.8 944 2.6848406133938e13 4.862436432e10 106
21 353 0.8 945 5.64352810512e11 1.744618176e9 111
21 353 0.8 946 5.0341460801368e15 1.56244188418e13 106
21 353 0.8 947 4.0834776179118e13 9.6592637936e10 108
21 353 0.8 948 8.5120011963566e13 2.26748670192e11 106
21 353 0.8 949 2.040725801768e12 2.583784032e9 107
21 353 0.8 950 6.77962911048e12 5.5075464e9 107
21 353 0.8 951 8.7134256e9 1.65888e6 107
21 353 0.8 952 6.100483429192e12 1.2358691328e10 107
21 353 0.8 953 2.34119867664e11 5.8527168e8 108
21 353 0.8 954 6.92818447932e11 1.555279776e9 109
21 353 0.8 955 6.760673993152e12 1.866647808e10 108
21 353 0.8 956 1.2802136907456e13 1.9313425472e10 106
21 353 0.8 957 4.46675634e8 970704.0 112
21 353 0.8 958 4.229375046e9 9.085392e6 110
21 353 0.8 959 5.54125896e8 1.240992e6 110
21 353 0.8 960 4.2848657128088e13 5.7996311028e10 106
21 353 0.8 961 1.655478048e10 2.8574208e7 109
21 353 0.8 962 2.960147339744e12 2.4386052e9 106
21 353 0.8 963 9.1901706119824e13 2.77810588672e11 107
21 353 0.8 964 3.459929664e9 32256.0 108
21 353 0.8 965 1.29931541296e11 1.18234368e8 107
21 353 0.8 966 1.7439548693056e13 3.6701814672e10 106
21 353 0.8 967 1.54089211328e11 2.20190208e8 109
21 353 0.8 968 2.296060623216e12 6.63085248e8 107
21 353 0.8 969 8.0731709557084e13 2.453186364e11 107
21 353 0.8 970 3.527035763392e12 8.927429952e9 109
21 353 0.8 971 1.8055174783837e13 4.6695768804e10 107
21 353 0.8 972 1.226889799784e12 1.52663178e9 107
21 353 0.8 973 6.299824427824e12 6.72077568e9 106
21 353 0.8 974 6.686758272e9 5.21568e6 109
21 353 0.8 975 5.068490983386e13 6.1952862096e10 105
21 353 0.8 976 1.863327582e9 760320.0 106
21 353 0.8 977 6.4061960384e10 1.0052528e8 109
21 353 0.8 978 6.7065288818224e13 1.86173404672e11 108
21 353 0.8 979 3.037820769188e12 5.896097376e9 108
21 353 0.8 980 3.56987618106e12 9.62051904e8 106
21 353 0.8 981 7.133585152e9 1.650432e7 108
21 353 0.8 982 8.1237793120518e13 2.07100516068e11 108
21 353 0.8 983 2.5925806e9 1.600896e6 108
21 353 0.8 984 1.298483026624e12 2.527716096e9 108
21 353 0.8 985 2.31770381904e11 4.6372608e8 108
21 353 0.8 986 2.5169479499868e13 2.641218804e10 107
21 353 0.8 987 2.6422904385952e13 4.439866752e10 107
21 353 0.8 988 7.698510324e9 1.810296e7 110
21 353 0.8 989 5.000803476e9 8.105568e6 108
21 353 0.8 990 8.0233373808e10 1.12724352e8 109
21 353 0.8 991 1.251753241167248e15 2.963819731968e12 105
21 353 0.8 992 7.5909641332e10 1.47657312e8 110
21 353 0.8 993 1.63731118038e11 2.41345548e8 109
21 353 0.8 994 1.44793010910952e14 1.66830629616e11 107
21 353 0.8 995 1.880130816e9 3.37344e6 109
21 353 0.8 996 5.6808348946e10 1.1287224e8 109
21 353 0.8 997 2.389740137436e12 3.64771072e9 109
21 353 0.8 998 7.97921232e8 552096.0 110
21 353 0.8 999 2.512076454788e13 6.1593296416e10 105
21 353 0.8 1000 3.0036628556e10 3.2671548e7 108
