L N d seed D_(MIS-1) D_MIS MIS
23 423 0.8 0 148728397015019.0 551030400.0 128
23 423 0.8 1 2535957874380.0 328478976.0 131
23 423 0.8 2 181719662482424.0 187474780304.0 127
23 423 0.8 3 3962205072210.0 3663289368.0 130
23 423 0.8 4 4974662577287552.0 7441372449280.0 127
23 423 0.8 5 132379564996416.0 238379143968.0 127
23 423 0.8 6 3969252058154964.0 8380994510624.0 127
23 423 0.8 7 15271118492872.0 19465411392.0 129
23 423 0.8 8 1369642059072.0 2331555840.0 130
23 423 0.8 9 3.5506112750178044e+16 63909630700608.0 127
23 423 0.8 10 10402582458368.0 4350855168.0 128
23 423 0.8 11 177095474681804.0 276542202640.0 128
23 423 0.8 12 547324340352.0 89222400.0 129
23 423 0.8 13 62116372784.0 74012400.0 131
23 423 0.8 14 2.421424394247425e+16 21279545227224.0 127
23 423 0.8 15 528856164906.0 190772064.0 129
23 423 0.8 16 731761026608568.0 1040258721024.0 128
23 423 0.8 17 792243714791056.0 986204528640.0 129
23 423 0.8 18 21785574001032.0 32347432080.0 128
23 423 0.8 19 491028454272.0 623149056.0 129
23 423 0.8 20 69142056728304.0 146343073536.0 129
23 423 0.8 21 93675155072.0 20685984.0 130
23 423 0.8 22 20576343864.0 1938816.0 130
23 423 0.8 23 137702443429216.0 46611808320.0 128
23 423 0.8 24 3.493114569747272e+16 45005708231670.0 127
23 423 0.8 25 64846955789120.0 126626338432.0 129
23 423 0.8 26 4434825106062256.0 5813821378112.0 127
23 423 0.8 27 149964115054464.0 168569856000.0 127
23 423 0.8 28 72219755301864.0 120224093184.0 130
23 423 0.8 29 1.0130323351252926e+21 2.774757793424203e+18 125
23 423 0.8 30 40596255376416.0 1120863744.0 128
23 423 0.8 31 1195354226364845.0 1746142559272.0 129
23 423 0.8 32 1.3399257488661504e+16 26575875272952.0 127
23 423 0.8 33 1236493575187650.0 454037519784.0 127
23 423 0.8 34 34988114177576.0 61368891024.0 129
23 423 0.8 35 139479920760.0 12195072.0 131
23 423 0.8 36 3.370445465522024e+16 35266230022656.0 126
23 423 0.8 37 219365403600.0 136331328.0 129
23 423 0.8 38 1387767312.0 585792.0 131
23 423 0.8 39 1990001912980384.0 1889260306944.0 128
23 423 0.8 40 52703396592.0 2706048.0 129
23 423 0.8 41 252324500460864.0 401357283264.0 126
23 423 0.8 42 71812633801203.0 102874832562.0 129
23 423 0.8 43 147189105714588.0 755643600.0 128
23 423 0.8 44 3.2889749182591204e+16 42581470630836.0 125
23 423 0.8 45 1.9603028272276176e+16 32686364634624.0 126
23 423 0.8 46 68689323119232.0 124014811536.0 128
23 423 0.8 47 266369830065581.0 199877216742.0 126
23 423 0.8 48 20981763414983.0 13279794696.0 129
23 423 0.8 49 615918978360.0 1093108500.0 131
23 423 0.8 50 535193720652.0 895685040.0 129
23 423 0.8 51 21048545388480.0 47453626368.0 129
23 423 0.8 52 70626840275280.0 12459259392.0 127
23 423 0.8 53 46159628122650.0 30249181296.0 125
23 423 0.8 54 1.6516665655361038e+16 10171979896608.0 126
23 423 0.8 55 1184392418721696.0 2194464849120.0 128
23 423 0.8 56 21424205449.0 20762550.0 129
23 423 0.8 57 27659993578908.0 61191103152.0 129
23 423 0.8 58 32397574320.0 18105984.0 132
23 423 0.8 59 2745634397982.0 4987409712.0 130
23 423 0.8 60 4218315408.0 6472224.0 132
23 423 0.8 61 3.0619080588664224e+16 34616249451530.0 125
23 423 0.8 62 96717023929368.0 107329560480.0 128
23 423 0.8 63 1648159652460432.0 2104642604736.0 127
23 423 0.8 64 36428099915088.0 68420495232.0 130
23 423 0.8 65 1669406931377808.0 882704443968.0 127
23 423 0.8 66 139733184376834.0 167080968192.0 129
23 423 0.8 67 276317913476352.0 476695710720.0 128
23 423 0.8 68 60487324115728.0 71291109120.0 127
23 423 0.8 69 211532891328.0 234869760.0 129
23 423 0.8 70 2694801996.0 779760.0 128
23 423 0.8 71 98277759906360.0 197951670144.0 129
23 423 0.8 72 3.835460666316511e+16 88399069424640.0 127
23 423 0.8 73 143222401057008.0 51652340352.0 127
23 423 0.8 74 88461087488.0 66716160.0 132
23 423 0.8 75 601893555717236.0 801724926096.0 128
23 423 0.8 76 2607775878116328.0 2665457545248.0 125
23 423 0.8 77 160266825592268.0 366325109568.0 130
23 423 0.8 78 23230084944960.0 17844318720.0 128
23 423 0.8 79 75744409860668.0 36925023560.0 127
23 423 0.8 80 1.4914777213326256e+16 20006861979392.0 126
23 423 0.8 81 1.602874709235678e+16 751739224320.0 126
23 423 0.8 82 2.925263572353308e+16 50687241575636.0 127
23 423 0.8 83 3181983451132.0 1656156160.0 128
23 423 0.8 84 384142417600.0 74931200.0 131
23 423 0.8 85 1121268954216.0 639908736.0 129
23 423 0.8 86 3407921293056.0 5680078848.0 130
23 423 0.8 87 26437800948.0 45904320.0 131
23 423 0.8 88 168504054345028.0 347659487616.0 128
23 423 0.8 89 10004934111744.0 20127744000.0 128
23 423 0.8 90 5183143168665146.0 10107947209248.0 128
23 423 0.8 91 16678415808.0 18714240.0 132
23 423 0.8 92 2073356878336.0 3023084160.0 128
23 423 0.8 93 11049880084890.0 14663747880.0 129
23 423 0.8 94 1.4390758706303592e+16 29324779968144.0 127
23 423 0.8 95 9446500646656.0 1928593152.0 130
23 423 0.8 96 6521008041985440.0 11037031838144.0 126
23 423 0.8 97 411779960064.0 753960960.0 131
23 423 0.8 98 22233838306004.0 21595444584.0 128
23 423 0.8 99 1.5498461972660498e+18 3384871164339696.0 127
23 423 0.8 100 7655910001468356.0 1030966518656.0 127
23 423 0.8 101 1315957461260.0 1725028368.0 130
23 423 0.8 102 315864561434604.0 312349584600.0 127
23 423 0.8 103 21193124221188.0 35412733440.0 130
23 423 0.8 104 6.694969668159489e+16 56609824869824.0 125
23 423 0.8 105 2862320968279616.0 6068352015360.0 128
23 423 0.8 106 2980864479710380.0 2526248414400.0 126
23 423 0.8 107 101625067711232.0 173107200.0 128
23 423 0.8 108 9899144052524.0 17324050800.0 129
23 423 0.8 109 15056784608352.0 8030871712.0 128
23 423 0.8 110 11038652530272.0 6998906880.0 127
23 423 0.8 111 171970640838432.0 90686822400.0 129
23 423 0.8 112 134481849312.0 65437952.0 128
23 423 0.8 113 1.390618640104312e+16 11461982962560.0 127
23 423 0.8 114 1236768750396.0 2246264784.0 131
23 423 0.8 115 3515239550377416.0 8178358933440.0 128
23 423 0.8 116 959279690528.0 833071104.0 130
23 423 0.8 117 6291995795300.0 6224286912.0 127
23 423 0.8 118 85587694136208.0 139141942884.0 128
23 423 0.8 119 7399890477504.0 12695882240.0 128
23 423 0.8 120 6594265398912.0 12959741952.0 130
23 423 0.8 121 5.2028676440245325e+17 205916313867264.0 124
23 423 0.8 122 3.2136130246438637e+17 538207501479756.0 125
23 423 0.8 123 305234689544376.0 403695366688.0 127
23 423 0.8 124 17329513018752.0 3158339040.0 129
23 423 0.8 125 488134375103619.0 445959583561.0 127
23 423 0.8 126 122128364808.0 20714400.0 130
23 423 0.8 127 4818244291944.0 3439140264.0 129
23 423 0.8 128 1.34780205496539e+16 15985127707200.0 127
23 423 0.8 129 14171100564.0 15965424.0 131
23 423 0.8 130 45930058737930.0 102425823544.0 129
23 423 0.8 131 536786427136.0 1215664128.0 130
23 423 0.8 132 1.3163810309518685e+17 362477426554872.0 129
23 423 0.8 133 360136972971468.0 874176494724.0 129
23 423 0.8 134 3416146659664.0 2834318076.0 128
23 423 0.8 135 85865205559581.0 83386230336.0 128
23 423 0.8 136 174479414131848.0 171299474560.0 129
23 423 0.8 137 347441196573904.0 5615100000.0 127
23 423 0.8 138 945124202331688.0 2355835630676.0 130
23 423 0.8 139 17160417670368.0 35542817280.0 131
23 423 0.8 140 408746766816.0 40186368.0 126
23 423 0.8 141 8678030748746800.0 12780416574688.0 127
23 423 0.8 142 434866161280.0 440832000.0 127
23 423 0.8 143 9228059657155040.0 14618475078528.0 128
23 423 0.8 144 1075327574886048.0 245964969168.0 126
23 423 0.8 145 13729487594504.0 21221853024.0 131
23 423 0.8 146 312883364426988.0 431126646912.0 129
23 423 0.8 147 8857863697326068.0 16817600356224.0 126
23 423 0.8 148 2397463902507305.0 1204168247460.0 128
23 423 0.8 149 23584618064.0 2326560.0 132
23 423 0.8 150 1.5248043065794104e+18 4453138326082368.0 128
23 423 0.8 151 84151731893512.0 27421486848.0 130
23 423 0.8 152 16539690534686.0 8574113052.0 128
23 423 0.8 153 5732377029792.0 8745287040.0 129
23 423 0.8 154 2884135854316914.0 6432291940896.0 129
23 423 0.8 155 83437340841788.0 182058552072.0 129
23 423 0.8 156 1.1208573210110906e+16 30620494397344.0 127
23 423 0.8 157 441571906560.0 413227008.0 130
23 423 0.8 158 13590646593360.0 129915360.0 128
23 423 0.8 159 5.090057914436102e+16 109033337118688.0 126
23 423 0.8 160 8308575899148955.0 15254810382090.0 127
23 423 0.8 161 25992341405748.0 45350611776.0 129
23 423 0.8 162 171369562052880.0 369530574336.0 129
23 423 0.8 163 18855566019608.0 49530769968.0 130
23 423 0.8 164 197963672690320.0 269204746496.0 127
23 423 0.8 165 764765948560324.0 850203842200.0 127
23 423 0.8 166 577649465699772.0 1208541170808.0 128
23 423 0.8 167 3.2368093668385664e+16 76706350534080.0 128
23 423 0.8 168 14359257683552.0 3373498368.0 129
23 423 0.8 169 1.0880153525790483e+18 1839236837594496.0 125
23 423 0.8 170 1.0098260061471923e+17 219623564240640.0 126
23 423 0.8 171 2.7837126076692056e+16 53378186262412.0 127
23 423 0.8 172 5093237280946696.0 6601437687744.0 128
23 423 0.8 173 48643586784.0 5847552.0 132
23 423 0.8 174 7632911629578016.0 11694986419200.0 128
23 423 0.8 175 126807715925638.0 171361512336.0 127
23 423 0.8 176 17875386232480.0 21311808000.0 129
23 423 0.8 177 3.4975774700779652e+16 59958245004846.0 126
23 423 0.8 178 70206251006880.0 124432098048.0 129
23 423 0.8 179 33631627475112.0 3994552800.0 128
23 423 0.8 180 2.4616594849436467e+18 3747708114776320.0 125
23 423 0.8 181 19267271040780.0 31357651104.0 129
23 423 0.8 182 5742097835820.0 11054921472.0 129
23 423 0.8 183 2.1396304601242308e+16 50257106485456.0 127
23 423 0.8 184 49826276475948.0 93351485248.0 130
23 423 0.8 185 2057725309069290.0 2003538160440.0 128
23 423 0.8 186 4943341743780.0 5553932768.0 128
23 423 0.8 187 1189618091451360.0 43133368320.0 126
23 423 0.8 188 71718916656304.0 56239417472.0 130
23 423 0.8 189 4822938840.0 4762140.0 131
23 423 0.8 190 3721345538852776.0 8728712787152.0 129
23 423 0.8 191 23346668823360.0 9356256000.0 129
23 423 0.8 192 2.1251356750473142e+17 396221634433932.0 128
23 423 0.8 193 945618744960.0 65514240.0 130
23 423 0.8 194 331856493973560.0 531429044400.0 129
23 423 0.8 195 13241156194233.0 2386173384.0 128
23 423 0.8 196 1.5900618713252136e+16 994449928032.0 126
23 423 0.8 197 182433591869008.0 172013262848.0 127
23 423 0.8 198 12807490330048.0 15697452096.0 129
23 423 0.8 199 251935083806976.0 11370627072.0 129
23 423 0.8 200 552023571480000.0 1112021136000.0 130
23 423 0.8 201 18924408347600.0 24515326080.0 129
23 423 0.8 202 3352298645631520.0 5899189843008.0 128
23 423 0.8 203 345654156560848.0 707504853792.0 128
23 423 0.8 204 3146431477033584.0 3254223143184.0 126
23 423 0.8 205 130249063495992.0 185918426496.0 127
23 423 0.8 206 641846110023200.0 1091680276272.0 129
23 423 0.8 207 330956984003280.0 359449955136.0 127
23 423 0.8 208 277554679752444.0 70867384704.0 127
23 423 0.8 209 4457972998972.0 511329504.0 129
23 423 0.8 210 26974166879760.0 1700213760.0 127
23 423 0.8 211 975536089771680.0 1269336497254.0 126
23 423 0.8 212 107301696192195.0 40194954324.0 130
23 423 0.8 213 52210985700.0 84420000.0 131
23 423 0.8 214 548320189152.0 508282368.0 130
23 423 0.8 215 3148717656.0 1237800.0 131
23 423 0.8 216 21799657439472.0 21416493696.0 128
23 423 0.8 217 715087058684192.0 1087652815200.0 128
23 423 0.8 218 1588340972464.0 2927514240.0 131
23 423 0.8 219 71835990452470.0 55987026352.0 130
23 423 0.8 220 41906030400.0 58713984.0 130
23 423 0.8 221 1472159311168.0 333441792.0 128
23 423 0.8 222 43326224939808.0 1778112000.0 128
23 423 0.8 223 527253368407744.0 833121676800.0 127
23 423 0.8 224 15684111168.0 22104576.0 131
23 423 0.8 225 8736952154773676.0 14423643531360.0 127
23 423 0.8 226 4808408432502.0 6894378900.0 130
23 423 0.8 227 1705154138752.0 130111488.0 130
23 423 0.8 228 11753837449232.0 19054627200.0 129
23 423 0.8 229 6603720808128.0 5600088576.0 128
23 423 0.8 230 76453332033152.0 54008156160.0 127
23 423 0.8 231 70932792595986.0 111172224576.0 128
23 423 0.8 232 151828681919924.0 243022913424.0 130
23 423 0.8 233 437598951216512.0 1040810291712.0 129
23 423 0.8 234 24646196640.0 14734080.0 131
23 423 0.8 235 252384646469136.0 436263149376.0 129
23 423 0.8 236 1073599668778320.0 2001097301760.0 128
23 423 0.8 237 3642669765000.0 7131781960.0 129
23 423 0.8 238 2248705498056.0 37285920.0 129
23 423 0.8 239 149487709687064.0 331582795584.0 129
23 423 0.8 240 7810604973.0 15115734.0 133
23 423 0.8 241 132181561014.0 38775240.0 132
23 423 0.8 242 215392042331904.0 270549377280.0 129
23 423 0.8 243 211290805937224.0 403233597864.0 130
23 423 0.8 244 529827725504.0 1039286580.0 131
23 423 0.8 245 172237497592.0 160623360.0 129
23 423 0.8 246 43825554755568.0 6021001728.0 130
23 423 0.8 247 523726005882.0 313975296.0 129
23 423 0.8 248 937768076384896.0 1764680907520.0 128
23 423 0.8 249 19107833844800.0 18070735884.0 129
23 423 0.8 250 5.593084570320344e+17 798054166838322.0 126
23 423 0.8 251 1145459202318080.0 1845679356800.0 127
23 423 0.8 252 77155052570448.0 95179294944.0 128
23 423 0.8 253 402246914364.0 293271840.0 129
23 423 0.8 254 51491396191572.0 15157699776.0 128
23 423 0.8 255 35536346580.0 35655984.0 132
23 423 0.8 256 7.209018149239725e+16 81810589685160.0 125
23 423 0.8 257 6802172006396.0 917302320.0 130
23 423 0.8 258 718510868062.0 420906420.0 129
23 423 0.8 259 1085068366.0 15360.0 130
23 423 0.8 260 85421901536.0 49397760.0 129
23 423 0.8 261 21661039934336.0 45656939520.0 127
23 423 0.8 262 913571900860.0 1309150080.0 130
23 423 0.8 263 2.5793632067890052e+16 51113088156904.0 126
23 423 0.8 264 212786440772680.0 384452778096.0 129
23 423 0.8 265 110466211975968.0 60398508800.0 129
23 423 0.8 266 18417185409614.0 5607004732.0 127
23 423 0.8 267 33141239791856.0 27592908416.0 129
23 423 0.8 268 10958159541504.0 1872097920.0 128
23 423 0.8 269 4714938110657856.0 9625834592658.0 129
23 423 0.8 270 37907374459686.0 41432443920.0 130
23 423 0.8 271 3035620488944240.0 4143227758000.0 127
23 423 0.8 272 1.0011669385793053e+17 126806182882080.0 126
23 423 0.8 273 969469882864.0 517981500.0 130
23 423 0.8 274 6285024837816.0 9108161568.0 129
23 423 0.8 275 152485789910028.0 173045112252.0 127
23 423 0.8 276 15703269579324.0 15623478000.0 131
23 423 0.8 277 812449786312.0 1228392088.0 129
23 423 0.8 278 1080053020190588.0 538266960612.0 128
23 423 0.8 279 3647451211520.0 2279596032.0 128
23 423 0.8 280 7.515386714339899e+17 1699472962428840.0 126
23 423 0.8 281 7103407571712.0 1138406400.0 128
23 423 0.8 282 49610623680.0 15292800.0 129
23 423 0.8 283 26515817438496.0 8202460032.0 129
23 423 0.8 284 70069243147920.0 83071526400.0 127
23 423 0.8 285 1.6537739221044552e+16 29654289931440.0 127
23 423 0.8 286 323645881069408.0 196955590784.0 126
23 423 0.8 287 9597963414432.0 9950834880.0 128
23 423 0.8 288 2813436302676.0 4909889040.0 129
23 423 0.8 289 562233988804.0 132129792.0 129
23 423 0.8 290 350509951011700.0 592641023008.0 128
23 423 0.8 291 261226660032.0 169029504.0 128
23 423 0.8 292 220955731216067.0 142547612910.0 129
23 423 0.8 293 4692225386177208.0 6745926369152.0 128
23 423 0.8 294 10235688182976.0 15286869504.0 128
23 423 0.8 295 36716485857268.0 47660865904.0 129
23 423 0.8 296 8.176255567457248e+16 210582516938344.0 128
23 423 0.8 297 5977138211148.0 6116980224.0 130
23 423 0.8 298 5.859297652768241e+19 1.614108962540517e+17 126
23 423 0.8 299 1986918553861200.0 1600439935860.0 128
23 423 0.8 300 57931572155200.0 753984000.0 128
23 423 0.8 301 932720028704.0 6216696.0 129
23 423 0.8 302 1068011572465584.0 1671738010048.0 127
23 423 0.8 303 3283587033920.0 541334400.0 127
23 423 0.8 304 118880136712.0 25137312.0 128
23 423 0.8 305 2512612527158508.0 3351404025216.0 126
23 423 0.8 306 355027133832.0 310630896.0 130
23 423 0.8 307 2.545748400516992e+16 870877667328.0 127
23 423 0.8 308 6157243353229952.0 6073685206848.0 126
23 423 0.8 309 2945504944672.0 4546708160.0 129
23 423 0.8 310 21589231796240.0 37332798272.0 130
23 423 0.8 311 424488354468.0 554123664.0 131
23 423 0.8 312 2688239583492168.0 5701381148800.0 128
23 423 0.8 313 119740123355040.0 56553043968.0 129
23 423 0.8 314 3755249332.0 136440.0 131
23 423 0.8 315 630660400464.0 21432384.0 129
23 423 0.8 316 2199315433206784.0 5184640218240.0 129
23 423 0.8 317 124261154864.0 152061120.0 130
23 423 0.8 318 80757577018968.0 29983513824.0 128
23 423 0.8 319 2.3160574929956188e+16 62675721699453.0 128
23 423 0.8 320 132055611056152.0 234734251520.0 130
23 423 0.8 321 4.067949359646635e+19 8.250108560734298e+16 124
23 423 0.8 322 6570500053124.0 10233844320.0 130
23 423 0.8 323 81608563836336.0 185738541696.0 129
23 423 0.8 324 23293606315492.0 2845933920.0 128
23 423 0.8 325 2693214134800.0 6918516096.0 131
23 423 0.8 326 94662852672.0 59777280.0 130
23 423 0.8 327 470459526252544.0 55260057600.0 127
23 423 0.8 328 790433021614808.0 692663432448.0 127
23 423 0.8 329 7243584910336.0 6051102720.0 130
23 423 0.8 330 8.837517787437738e+16 258699658060640.0 129
23 423 0.8 331 4371883657118752.0 6739491640320.0 128
23 423 0.8 332 1743253035208312.0 1321668195712.0 128
23 423 0.8 333 1.8933873211977236e+18 1237684325370240.0 125
23 423 0.8 334 1545322396104.0 967753440.0 129
23 423 0.8 335 2.625498047926493e+16 5519191910400.0 125
23 423 0.8 336 2.9573409510498304e+16 8863880835432.0 128
23 423 0.8 337 8.803518428660553e+18 1.41346919696232e+16 125
23 423 0.8 338 58971283979022.0 124772929992.0 129
23 423 0.8 339 212107994921568.0 215900233632.0 127
23 423 0.8 340 719777702016.0 468163584.0 130
23 423 0.8 341 412188408296.0 88635400.0 128
23 423 0.8 342 842622150582032.0 696434073984.0 126
23 423 0.8 343 12826038987112.0 13547878560.0 127
23 423 0.8 344 3784196657400.0 7320580800.0 131
23 423 0.8 345 30686560902870.0 21833188200.0 129
23 423 0.8 346 209714992891616.0 586518528.0 127
23 423 0.8 347 3095585101296.0 871980640.0 128
23 423 0.8 348 13213727248.0 21124800.0 131
23 423 0.8 349 6.192947734478542e+16 50115196300672.0 128
23 423 0.8 350 261991806614136.0 23216256996.0 126
23 423 0.8 351 5799421023336.0 10735525632.0 129
23 423 0.8 352 8.532803843960837e+16 165806673244800.0 127
23 423 0.8 353 70414011252.0 55608120.0 128
23 423 0.8 354 3052667605776.0 41108256.0 128
23 423 0.8 355 23478324821776.0 2192762880.0 127
23 423 0.8 356 37117146057792.0 32810054400.0 128
23 423 0.8 357 730897042656.0 1350256320.0 131
23 423 0.8 358 488583371460176.0 622591226640.0 129
23 423 0.8 359 246201880560.0 3773952.0 130
23 423 0.8 360 3528554885488.0 7328775840.0 130
23 423 0.8 361 5677182756592.0 2702154240.0 129
23 423 0.8 362 5.1376140096325914e+17 1209788117579900.0 127
23 423 0.8 363 61056640477728.0 84876768864.0 128
23 423 0.8 364 2.1888320676953667e+17 431338677144560.0 127
23 423 0.8 365 22962845975394.0 25882922484.0 130
23 423 0.8 366 9904525682040.0 2445262560.0 129
23 423 0.8 367 12558439491096.0 11417574720.0 129
23 423 0.8 368 436140293121140.0 343602012618.0 128
23 423 0.8 369 8908551700906068.0 12915573311808.0 128
23 423 0.8 370 40273837399232.0 48379500288.0 129
23 423 0.8 371 7272803791500.0 6828687648.0 129
23 423 0.8 372 451048451548.0 346788864.0 130
23 423 0.8 373 1779577923866784.0 4005875035008.0 128
23 423 0.8 374 3668904963456.0 7425389952.0 129
23 423 0.8 375 8058595867360.0 31281936.0 127
23 423 0.8 376 300814425883056.0 657576234720.0 129
23 423 0.8 377 431419352352.0 262692072.0 130
23 423 0.8 378 52584225595382.0 84811684368.0 128
23 423 0.8 379 5805382496448.0 13385917440.0 131
23 423 0.8 380 1.5231854049521107e+17 412423267986304.0 128
23 423 0.8 381 19867076903808.0 33555744256.0 129
23 423 0.8 382 9429238488950816.0 11264718706688.0 127
23 423 0.8 383 1430082182911120.0 1952000008320.0 128
23 423 0.8 384 9450428822400.0 15928842240.0 130
23 423 0.8 385 1295528490.0 2135400.0 134
23 423 0.8 386 492681501596808.0 778194469800.0 130
23 423 0.8 387 28234150892280.0 13809073680.0 128
23 423 0.8 388 132119096676972.0 103174002000.0 128
23 423 0.8 389 677906780040.0 521468928.0 129
23 423 0.8 390 2.6769878904817923e+17 662217137603940.0 126
23 423 0.8 391 273118252995584.0 10073935872.0 128
23 423 0.8 392 50851349232648.0 70174575774.0 127
23 423 0.8 393 1377945347946.0 248340480.0 128
23 423 0.8 394 92846823276906.0 215586193464.0 129
23 423 0.8 395 19138166270054.0 9604571760.0 129
23 423 0.8 396 5993081289753728.0 16005310479360.0 128
23 423 0.8 397 333403446080.0 499978752.0 130
23 423 0.8 398 150797123271060.0 186650460000.0 126
23 423 0.8 399 803322702561260.0 1178067670152.0 128
23 423 0.8 400 1635339424896.0 2814787584.0 130
23 423 0.8 401 2674940839464.0 3011834880.0 129
23 423 0.8 402 3609239986176.0 2322432000.0 128
23 423 0.8 403 1850136672640.0 634368.0 128
23 423 0.8 404 7107927228478.0 11462455640.0 130
23 423 0.8 405 61600023815904.0 2339596224.0 128
23 423 0.8 406 324147338110168.0 490574536128.0 127
23 423 0.8 407 1798325615808.0 3506319360.0 132
23 423 0.8 408 157221849616216.0 1742947512.0 129
23 423 0.8 409 23411428272.0 13547520.0 133
23 423 0.8 410 2.246465821393162e+17 294337859606640.0 128
23 423 0.8 411 8949673415384.0 13848493856.0 128
23 423 0.8 412 728838835512704.0 761842719744.0 129
23 423 0.8 413 1776792288.0 584640.0 132
23 423 0.8 414 1720438928496.0 2397257856.0 128
23 423 0.8 415 1.6376786973905495e+18 4273351862433024.0 126
23 423 0.8 416 2.9915865659774692e+16 29261149571584.0 126
23 423 0.8 417 16186618523904.0 21380198400.0 130
23 423 0.8 418 122931471599150.0 185893121304.0 129
23 423 0.8 419 1507431410835344.0 19014808320.0 129
23 423 0.8 420 1021744143424.0 1283226624.0 129
23 423 0.8 421 5945706189552.0 1186421760.0 128
23 423 0.8 422 84584201060561.0 161694954900.0 129
23 423 0.8 423 1.9643313976126224e+16 46026647184730.0 127
23 423 0.8 424 8304252515856.0 11204123904.0 128
23 423 0.8 425 4829832792120.0 2009764224.0 128
23 423 0.8 426 55892218430390.0 34450839648.0 129
23 423 0.8 427 1001092188861312.0 687113349120.0 128
23 423 0.8 428 2378459400960.0 598760064.0 129
23 423 0.8 429 5560302379968.0 4534963200.0 126
23 423 0.8 430 25622830281612.0 45741447360.0 130
23 423 0.8 431 7457524431984.0 17418240.0 128
23 423 0.8 432 1033105051826860.0 546686430720.0 129
23 423 0.8 433 7968014419066856.0 5670294003360.0 125
23 423 0.8 434 1553556681504.0 447003648.0 130
23 423 0.8 435 73678542914652.0 169141187472.0 128
23 423 0.8 436 8464752710448.0 4833976320.0 127
23 423 0.8 437 1382922768948.0 2246743008.0 130
23 423 0.8 438 3.380681333651523e+16 58231830682248.0 126
23 423 0.8 439 189522040764.0 48571920.0 129
23 423 0.8 440 7.538170464132987e+17 1960303065029856.0 127
23 423 0.8 441 7.645466143173061e+16 115165801270848.0 127
23 423 0.8 442 244200216203472.0 479767491840.0 129
23 423 0.8 443 9.328031854107416e+17 2262543684185088.0 127
23 423 0.8 444 435234078452250.0 735728459616.0 128
23 423 0.8 445 45435006151624.0 61587345568.0 128
23 423 0.8 446 2167646045928.0 3911557104.0 131
23 423 0.8 447 3387003676606464.0 8521390080000.0 127
23 423 0.8 448 298240919999040.0 54108407808.0 128
23 423 0.8 449 235187218692.0 91060848.0 129
23 423 0.8 450 5167178099328.0 5886452736.0 128
23 423 0.8 451 2072937604444.0 1199346272.0 130
23 423 0.8 452 19183510049748.0 2749729056.0 130
23 423 0.8 453 149740513983488.0 127607328128.0 127
23 423 0.8 454 486285291892.0 129741816.0 129
23 423 0.8 455 225852927988416.0 168877972992.0 126
23 423 0.8 456 6303232967333124.0 13000308272028.0 129
23 423 0.8 457 189177794688.0 163296000.0 130
23 423 0.8 458 7507885500.0 13170600.0 130
23 423 0.8 459 2077437253392.0 1319846400.0 128
23 423 0.8 460 2663639772224.0 1502668440.0 131
23 423 0.8 461 6835302756824.0 1443794688.0 128
23 423 0.8 462 4.984714214294542e+16 76078137026320.0 125
23 423 0.8 463 100453084255.0 192276325.0 133
23 423 0.8 464 1913192440751664.0 12633120000.0 128
23 423 0.8 465 7661015499918048.0 13497376574208.0 128
23 423 0.8 466 624701393461994.0 934336482048.0 127
23 423 0.8 467 34173276276736.0 54624485376.0 128
23 423 0.8 468 7301093625952.0 407920896.0 128
23 423 0.8 469 34339730895072.0 44922480768.0 129
23 423 0.8 470 6217578016892192.0 9698431351104.0 128
23 423 0.8 471 14638437743648.0 2269444608.0 128
23 423 0.8 472 8333939324232.0 12232892160.0 130
23 423 0.8 473 35119837551952.0 27252996096.0 129
23 423 0.8 474 240007885857296.0 254162645248.0 128
23 423 0.8 475 188206566048.0 62353152.0 128
23 423 0.8 476 22448651111002.0 21034434204.0 128
23 423 0.8 477 2473916854381520.0 3224743971840.0 127
23 423 0.8 478 2581691484672.0 2977013760.0 129
23 423 0.8 479 832407167725456.0 1652433016128.0 130
23 423 0.8 480 891453172728.0 1525207824.0 130
23 423 0.8 481 3060130538368.0 5469480960.0 130
23 423 0.8 482 667578496450112.0 172036761600.0 127
23 423 0.8 483 424562335244064.0 880316854560.0 128
23 423 0.8 484 277566565404.0 397519488.0 130
23 423 0.8 485 8826292829698090.0 17434719113976.0 128
23 423 0.8 486 17409233963520.0 8999255808.0 129
23 423 0.8 487 11837487132432.0 1461732480.0 128
23 423 0.8 488 285062019380706.0 630570146292.0 129
23 423 0.8 489 18063826787920.0 42091352448.0 131
23 423 0.8 490 3151573695528.0 319680.0 128
23 423 0.8 491 6805657808955808.0 14498737919744.0 129
23 423 0.8 492 5.361223743829848e+16 108133478952768.0 128
23 423 0.8 493 3321448360507952.0 251628822016.0 127
23 423 0.8 494 964432932.0 161280.0 131
23 423 0.8 495 475215658560.0 819431424.0 131
23 423 0.8 496 127873756628210.0 148367825256.0 128
23 423 0.8 497 53110256967192.0 58481925120.0 129
23 423 0.8 498 1419386716896.0 2608442880.0 131
23 423 0.8 499 613284859043216.0 100446603264.0 127
23 423 0.8 500 5490919119.0 2664225.0 129
23 423 0.8 501 4.30153184574144e14 9.9436557312e11 132
23 423 0.8 502 7.5709339831104e13 1.02297503232e11 127
23 423 0.8 503 6.4292516957436e13 9.8996673408e10 128
23 423 0.8 504 6.41074690224e12 1.228493952e10 130
23 423 0.8 505 3.80033418212272e14 1.51155939008e11 127
23 423 0.8 506 1.708157501946e12 4.37639976e8 129
23 423 0.8 507 9.20453136795648e14 1.426210316288e12 126
23 423 0.8 508 1.82752637515776e14 3.4539208704e11 129
23 423 0.8 509 2.81652256e8 430080.0 133
23 423 0.8 510 4.31400984384e11 3.84217344e8 130
23 423 0.8 511 2.90923151782e16 6.4119812281344e13 128
23 423 0.8 512 6.0099859932656e13 7.910581952e10 128
23 423 0.8 513 5.626851648e9 2.42176e6 130
23 423 0.8 514 4.828209121166e12 5.157942633e9 130
23 423 0.8 515 5.01973175241792e14 7.05466266336e11 128
23 423 0.8 516 1.30694096784e11 2.6494032e8 132
23 423 0.8 517 4.11988437508824e14 9.99640087072e11 130
23 423 0.8 518 6.612010580448e13 4.724826624e10 130
23 423 0.8 519 2.13583186944e11 4.49584128e8 131
23 423 0.8 520 3.012611288576237e17 8.52478862311152e14 128
23 423 0.8 521 8.2347330944e10 1.55172864e8 131
23 423 0.8 522 1.6835443293312e13 8.773632e8 128
23 423 0.8 523 1.7235855008e10 6.702592e6 131
23 423 0.8 524 7.9274445680768e13 9.5576732176e10 129
23 423 0.8 525 1.77141923824e11 2.14241024e8 130
23 423 0.8 526 5.773108449286832e15 1.0219272662656e13 128
23 423 0.8 527 8.878787504788995e16 3.4572807303168e13 126
23 423 0.8 528 1.42482493772e11 7.3447872e7 128
23 423 0.8 529 1.558625506464e12 1.43561376e9 132
23 423 0.8 530 1.469254738913641e17 3.46891623964128e14 126
23 423 0.8 531 9.653078156856598e16 1.91734707866496e14 128
23 423 0.8 532 4.11460029842692e14 5.725842204e11 127
23 423 0.8 533 4.688562289289216e15 9.51669348992e12 128
23 423 0.8 534 4.18538900288584e14 4.93450651872e11 127
23 423 0.8 535 6.694006759961528e15 1.069494182288e13 125
23 423 0.8 536 3.461839968073344e15 6.10742477952e12 128
23 423 0.8 537 3.488453696e9 2.207744e6 129
23 423 0.8 538 2.770356853728e13 1.1544768e8 128
23 423 0.8 539 1.878424816e9 2.60608e6 133
23 423 0.8 540 1.581307171944e13 1.8529086912e10 127
23 423 0.8 541 4.264426669520763e16 5.446824623072e12 126
23 423 0.8 542 8.121791407709e15 1.8328935023616e13 128
23 423 0.8 543 9.067114463762506e16 1.62366427199264e14 126
23 423 0.8 544 3.248457475336e12 3.167336448e9 129
23 423 0.8 545 5.7175750978996e13 1.32128198048e11 130
23 423 0.8 546 5.42466032968e12 7.611750144e9 129
23 423 0.8 547 2.9759433041664e13 6.9121146496e10 129
23 423 0.8 548 2.498690101568e12 3.22055424e9 128
23 423 0.8 549 2.311019526240052e16 3.0547430692e12 128
23 423 0.8 550 1.5650328264e12 1.30074336e9 129
23 423 0.8 551 3.518123970804602e15 1.52506989728e12 125
23 423 0.8 552 7.633706856e9 3.909888e6 131
23 423 0.8 553 2.75030454136648e14 4.82260718352e11 130
23 423 0.8 554 1.74366986496e11 3.2288256e7 130
23 423 0.8 555 9.81161684821728e14 1.636829532e12 128
23 423 0.8 556 2.2342634436e11 1.77006456e8 128
23 423 0.8 557 4.60010040912e11 3.928608e8 130
23 423 0.8 558 8.234863145194176e15 1.4274542293632e13 128
23 423 0.8 559 1.56819544256e12 2.905394784e9 131
23 423 0.8 560 2.2333952448e11 2.0132352e8 131
23 423 0.8 561 1.852804539970416e16 2.247847993152e13 126
23 423 0.8 562 1.540095420797e13 3.00048084e10 128
23 423 0.8 563 3.2860631010768e13 4.330786176e10 130
23 423 0.8 564 6.353111323824e12 6.081869952e9 128
23 423 0.8 565 4.4770395712704e14 6.831453312e11 127
23 423 0.8 566 1.756330472746e14 5.67e7 127
23 423 0.8 567 4.932613362924e13 2.2119862752e10 128
23 423 0.8 568 1.426649285405848e15 4.5532411904e10 126
23 423 0.8 569 4.472049173856e12 2.6474112e9 130
23 423 0.8 570 1.315448782614e14 3.02851548e11 128
23 423 0.8 571 1.8028246247632e13 5.703639552e9 128
23 423 0.8 572 6.67057314784e12 7.55129472e9 127
23 423 0.8 573 1.8203145745224e13 1.3196216208e10 129
23 423 0.8 574 4.1198536086544e14 7.76876544e11 129
23 423 0.8 575 1.637070517152e12 2.29844736e9 129
23 423 0.8 576 2.9775067251e11 1.56981888e8 130
23 423 0.8 577 2.2093524191488e13 9.8546688e9 129
23 423 0.8 578 6.600744481656e13 1.02905550848e11 127
23 423 0.8 579 2.210548831512e12 6.10089792e9 129
23 423 0.8 580 1.03766374362e13 2.3737536e9 128
23 423 0.8 581 1.128930815988e13 2.4024924e8 128
23 423 0.8 582 1.6883579756032e13 2.900631552e10 127
23 423 0.8 583 1.7406698928e11 5.80608e6 129
23 423 0.8 584 2.159763477276617e16 5.179823924706e13 127
23 423 0.8 585 2.49973398912e11 3.1366656e8 129
23 423 0.8 586 7.9296120345408e13 1.428402816e11 129
23 423 0.8 587 1.0663294752688e13 9.04283712e9 129
23 423 0.8 588 1.3396156904e10 2.456112e7 132
23 423 0.8 589 1.49083140888e12 1.329184512e9 129
23 423 0.8 590 9.6757464256736e14 9.28582671104e11 127
23 423 0.8 591 4.231911504e10 6.215976e7 131
23 423 0.8 592 9.98572091256e12 8.332358272e9 131
23 423 0.8 593 9.27682485061376e14 2.2540484608e12 130
23 423 0.8 594 1.0051140860224e13 8.539481472e9 130
23 423 0.8 595 1.20610904347132e14 2.764878048e11 131
23 423 0.8 596 3.27936006384e12 1.83320064e9 129
23 423 0.8 597 4.175269028266e12 5.86274592e9 129
23 423 0.8 598 1.0124071833256e14 1.97168871808e11 130
23 423 0.8 599 1.1151627804451402e17 2.390202273267e14 127
23 423 0.8 600 8.822608227536e12 6.16659648e9 129
23 423 0.8 601 5.446418927168e13 6.5101831296e10 127
23 423 0.8 602 1.7618478337304e13 1.7778832128e10 129
23 423 0.8 603 3.236215705584e12 6.337675584e9 130
23 423 0.8 604 3.01931577408e11 2.55300096e8 132
23 423 0.8 605 2.394281011592092e16 4.897943775756e13 127
23 423 0.8 606 1.48340743384713e15 1.71890014444e12 128
23 423 0.8 607 1.01669526104e11 1.222976e8 132
23 423 0.8 608 4.177359682710242e16 7.7740029488556e13 129
23 423 0.8 609 9.805669190592e13 4.7997819072e10 129
23 423 0.8 610 3.6066198217342e13 5.4090131616e10 131
23 423 0.8 611 2.724805824e11 1.677312e8 130
23 423 0.8 612 9.26496204592304e14 9.847139208e11 127
23 423 0.8 613 3.628176274956e12 7.47644816e9 133
23 423 0.8 614 2.3837575570908e13 2.286170988e10 127
23 423 0.8 615 3.933939000872e12 4.543163184e9 129
23 423 0.8 616 3.6123053796576e14 9.775230336e11 129
23 423 0.8 617 1.5311052959958957e17 4.82759941905456e14 127
23 423 0.8 618 2.5794161114256e13 2.744791488e10 127
23 423 0.8 619 1.143800126388836e15 1.426994199072e12 127
23 423 0.8 620 5.38222483168e11 8.2465856e8 130
23 423 0.8 621 7.7904922481496e15 8.134134607872e12 128
23 423 0.8 622 8.55462331672e13 1.35303675328e11 127
23 423 0.8 623 1.293005735796672e15 1.01481424e12 127
23 423 0.8 624 2.32821722688e11 2.3175936e8 130
23 423 0.8 625 8.791529731757619e17 1.886850984782684e15 126
23 423 0.8 626 4.9860304613244e14 6.0090121656e11 129
23 423 0.8 627 1.177792632864e13 4.88455464e9 128
23 423 0.8 628 4.836947731830784e15 4.506789453792e12 127
23 423 0.8 629 1.825765546496e13 2.523451392e10 129
23 423 0.8 630 6.07777496823476e14 5.70272693936e11 128
23 423 0.8 631 7.1362045150912e13 1.96239549696e11 131
23 423 0.8 632 6.73226784e10 2.28096e7 131
23 423 0.8 633 3.085802872456e12 2.9896608e9 129
23 423 0.8 634 1.760711896872e13 2.891381184e10 129
23 423 0.8 635 2.567865560768e12 2.82739968e9 130
23 423 0.8 636 1.673975650023744e15 2.8668833532e12 129
23 423 0.8 637 5.27939639158152e15 2.284562903232e12 127
23 423 0.8 638 5.623138303728e13 9.914867712e10 127
23 423 0.8 639 1.2174872086134426e17 5.7795677872128e13 126
23 423 0.8 640 6.252888542727494e18 1.3022801400440008e16 125
23 423 0.8 641 3.800560233496283e16 1.478509557504e13 127
23 423 0.8 642 1.990437074673e12 2.835644112e9 128
23 423 0.8 643 4.075473170965685e16 7.55279560296e13 127
23 423 0.8 644 3.02765979831656e14 2.7095952384e11 126
23 423 0.8 645 4.5302449228928e13 7.3858441856e10 129
23 423 0.8 646 4.78906595124e11 5.75181e8 130
23 423 0.8 647 1.822698772732238e17 3.53440122981888e14 126
23 423 0.8 648 5.824606784657471e16 9.9805448847104e13 127
23 423 0.8 649 1.053466889021524e15 1.368623147184e12 126
23 423 0.8 650 2.95324967703836e14 3.05068632e10 128
23 423 0.8 651 2.425524715372579e16 4.2716952170496e13 128
23 423 0.8 652 2.2695068304e10 5.0100768e7 132
23 423 0.8 653 1.447367498521228e15 6.46028022816e11 129
23 423 0.8 654 9.33402354156e11 5.7157488e8 129
23 423 0.8 655 7.58932535744e12 9.529344e8 129
23 423 0.8 656 2.45101549880832e14 3.15008111616e11 128
23 423 0.8 657 7.7289936864e10 2.585088e6 130
23 423 0.8 658 4.734219958328928e15 2.808417697664e12 127
23 423 0.8 659 4.0332524482796e13 5.688682176e9 127
23 423 0.8 660 1.929639258e10 9.25344e6 131
23 423 0.8 661 7.2247486351584e14 4.9883516928e11 129
23 423 0.8 662 7.91040195648e11 4.5999616e8 130
23 423 0.8 663 1.0408679309146602e16 1.255772450574e13 127
23 423 0.8 664 4.55970925056702e15 5.58199128624e12 127
23 423 0.8 665 6.1282160536e10 6.198528e7 130
23 423 0.8 666 1.9830547045216e13 1.2231830016e10 126
23 423 0.8 667 1.2006608294916e13 7.17604272e8 127
23 423 0.8 668 3.062595116583864e15 2.1214448928e12 126
23 423 0.8 669 5.488877069048e13 1.165503488e10 128
23 423 0.8 670 2.7442887482468e14 4.4124149568e11 128
23 423 0.8 671 1.2107950915656e13 1.9170864e10 130
23 423 0.8 672 5.938462542282208e15 1.2929876862336e13 128
23 423 0.8 673 6.5419809692512e14 8.38290456576e11 128
23 423 0.8 674 7.0362796580685e14 1.398840103068e12 129
23 423 0.8 675 6.932705915072e12 9.399324672e9 128
23 423 0.8 676 4.44274923992e11 3.49968e8 128
23 423 0.8 677 1.87448657992e11 2.8970496e7 129
23 423 0.8 678 5.35921739945632e14 4.6034352768e11 130
23 423 0.8 679 4.669318821351475e16 5.6767418993808e13 126
23 423 0.8 680 4.824438895145496e15 9.855686002752e12 129
23 423 0.8 681 7.849838576816e12 3.68008704e9 130
23 423 0.8 682 8.76583797599592e14 1.4799373512e12 129
23 423 0.8 683 1.548995822702e12 5.480517e8 129
23 423 0.8 684 5.077567255810084e15 1.0841612937768e13 127
23 423 0.8 685 6.4851669408e10 3.13344e6 128
23 423 0.8 686 1.366667843922984e15 9.28722115584e11 126
23 423 0.8 687 1.2222465728e10 1.063424e7 131
23 423 0.8 688 2.5376970287132e13 3.6072864e9 130
23 423 0.8 689 1.40065147274616e14 1.94623833312e11 130
23 423 0.8 690 1.97446832736e12 2.1255696e8 129
23 423 0.8 691 3.063477129817424e15 4.928322721536e12 127
23 423 0.8 692 3.067055568680944e15 9.92217341376e11 128
23 423 0.8 693 2.191587535098576e15 1.979228296704e12 127
23 423 0.8 694 7.14120362864e11 1.26131904e9 131
23 423 0.8 695 2.1793444116e10 4.644864e6 131
23 423 0.8 696 2.789054424e9 317088.0 130
23 423 0.8 697 7.850872762725648e15 1.9860779506752e13 130
23 423 0.8 698 3.76582621528e11 1.30515e8 128
23 423 0.8 699 6.3554915647876e13 1.005075978e11 127
23 423 0.8 700 8.145530658264e13 1.44011637024e11 130
23 423 0.8 701 7.81217259062052e14 1.49280602112e12 128
23 423 0.8 702 6.527435379236e14 1.30257247536e12 129
23 423 0.8 703 1.00719732648476e14 7.2367492224e10 126
23 423 0.8 704 1.172029572e10 1.65816e7 131
23 423 0.8 705 5.248392172598256e15 6.695529984e11 126
23 423 0.8 706 1.255710012454e12 1.54103136e9 129
23 423 0.8 707 9.02441821320272e14 1.93906156944e12 128
23 423 0.8 708 9.4027554348e10 1.3480704e8 132
23 423 0.8 709 7.5132518237952e13 1.7029260288e11 131
23 423 0.8 710 6.9553740352e12 1.57549056e9 126
23 423 0.8 711 2.3321713912288e13 3.0240345936e10 130
23 423 0.8 712 1.116818328064752e15 2.32955018496e12 130
23 423 0.8 713 6.2699500928e10 8.4419328e7 131
23 423 0.8 714 2.8206905378196e13 6.038855424e9 130
23 423 0.8 715 1.4375995371072e13 8.728763904e9 128
23 423 0.8 716 7.434420809439e12 1.1482879248e10 129
23 423 0.8 717 1.8326083064347084e16 5.2239771285968e13 129
23 423 0.8 718 2.029452714128652e15 3.589235272008e12 128
23 423 0.8 719 1.081109086592e12 7.5264e7 127
23 423 0.8 720 8.5707337501584e13 1.486082512e11 128
23 423 0.8 721 5.734305475909368e15 7.72225737984e12 127
23 423 0.8 722 8.50549052696935e14 1.283464629126e12 128
23 423 0.8 723 1.35983952975117e18 3.295718594505072e15 126
23 423 0.8 724 2.00025719672e12 5.943552e8 129
23 423 0.8 725 1.271992046976e12 1.96335904e9 130
23 423 0.8 726 3.90787482646008e14 5.55197255424e11 129
23 423 0.8 727 3.142655996203749e16 1.72005506064e13 127
23 423 0.8 728 1.64025076344e11 2.15732992e8 131
23 423 0.8 729 4.64624317019571e14 6.1379599365e11 127
23 423 0.8 730 2.700249688584e12 3.681288e9 130
23 423 0.8 731 1.0590412368067384e16 2.1961299513664e13 127
23 423 0.8 732 4.142508439052856e15 6.950517010272e12 129
23 423 0.8 733 4.54000462345668e14 7.89529760292e11 126
23 423 0.8 734 1.03115304654292e14 2.732610174e10 130
23 423 0.8 735 4.337780589696e12 7.953383936e9 131
23 423 0.8 736 4.232636855661508e15 9.650367410448e12 128
23 423 0.8 737 1.7989281217764e13 9.09666288e9 129
23 423 0.8 738 1.3421548257774528e16 2.6293291585776e13 127
23 423 0.8 739 2.7579249918492e13 3.2308152864e10 129
23 423 0.8 740 6.5632084805412e14 9.014125392e11 127
23 423 0.8 741 1.46531029257516e14 2.3188354416e11 129
23 423 0.8 742 1.624083164248e13 3.4977853504e10 129
23 423 0.8 743 4.6717295991116e14 1.843922476e10 125
23 423 0.8 744 5.34300335456e11 9.92081664e8 129
23 423 0.8 745 9.83425914186048e14 2.095879048704e12 129
23 423 0.8 746 1.05048709312e12 1.974446592e9 130
23 423 0.8 747 7.51482452384e11 1.252611072e9 130
23 423 0.8 748 2.448544325322e12 3.037218912e9 130
23 423 0.8 749 3.1646349673792e13 8.2399240672e10 130
23 423 0.8 750 4.580056117226403e16 4.152999107712e13 127
23 423 0.8 751 7.80616617357342e14 5.52714043484e11 129
23 423 0.8 752 3.907654178136e12 8.483261468e9 130
23 423 0.8 753 3.284369795336324e16 3.280037244672e12 126
23 423 0.8 754 3.2364072112e10 3.348e7 130
23 423 0.8 755 2.48654019672e11 1.8125856e8 131
23 423 0.8 756 3.21312125795904e14 5.8968e7 127
23 423 0.8 757 1.0052115042765076e16 1.112948299424e13 130
23 423 0.8 758 5.18750217516e11 4.2687864e8 130
23 423 0.8 759 6.6219398463648e13 3.55815936e10 127
23 423 0.8 760 8.037833621136e12 5.813856e9 128
23 423 0.8 761 4.2715834836556e13 7.37159178e10 129
23 423 0.8 762 1.8108846028672e13 1.1218985856e10 128
23 423 0.8 763 1.22829293952e12 1.639139328e9 130
23 423 0.8 764 1.3190287121874992e16 3.4926907796544e13 128
23 423 0.8 765 7.848755832949938e15 1.051820608284e13 127
23 423 0.8 766 2.48642896288e11 3.31505664e8 131
23 423 0.8 767 4.354939223932285e16 7.0525376947664e13 126
23 423 0.8 768 4.94615525224816e14 3.35327648832e11 126
23 423 0.8 769 6.929562436372e12 8.242405472e9 128
23 423 0.8 770 1.574694615984829e15 1.847576283494e12 127
23 423 0.8 771 3.37541371409136e14 1.92290868064e11 128
23 423 0.8 772 8.5101252867072e13 3.042164736e10 129
23 423 0.8 773 3.4899738331732024e18 8.82819080968864e15 126
23 423 0.8 774 9.6541301703772e13 1.1514297312e11 131
23 423 0.8 775 1.62341463873872e14 1.81688360176e11 128
23 423 0.8 776 2.386737358498336e15 5.78199552e9 127
23 423 0.8 777 9.57695999306914e18 1.9431168841485184e16 126
23 423 0.8 778 2.12742157824e11 1.4061114e8 129
23 423 0.8 779 8.220951376016e13 1.42896590592e11 130
23 423 0.8 780 1.0028484530174e13 2.1832932376e10 131
23 423 0.8 781 3.51074655797898e14 8.79957570104e11 130
23 423 0.8 782 5.3283530060814e13 1.1714258664e11 129
23 423 0.8 783 2.2522368486368e13 1.9191570432e10 130
23 423 0.8 784 1.7576887052107584e16 4.5784689524748e13 128
23 423 0.8 785 1.05274413640448e14 4.2574083552e10 128
23 423 0.8 786 1.4404048463923964e16 1.6747688436936e13 127
23 423 0.8 787 1.3945023888985522e16 9.89898413752e12 126
23 423 0.8 788 1.079120572584e12 1.00674882e9 130
23 423 0.8 789 1.02093342912e11 1.1240208e8 131
23 423 0.8 790 6.922010000098208e15 1.279108706048e12 126
23 423 0.8 791 2.525541254784e12 2.84351232e9 129
23 423 0.8 792 2.15674059840832e14 2.1069840384e11 127
23 423 0.8 793 3.28980693184e11 4.23696e8 131
23 423 0.8 794 1.4707850054184e13 1.36363824e8 130
23 423 0.8 795 2.075113583624789e17 2.56850401500416e14 125
23 423 0.8 796 8.706860698953958e16 1.08218573178624e14 125
23 423 0.8 797 8.0383026333332e13 1.68454995672e11 130
23 423 0.8 798 6.33991913856e11 1.5998976e7 131
23 423 0.8 799 3.644404875081408e15 6.929092346112e12 129
23 423 0.8 800 2.0633948284816e15 4.54771005568e12 129
23 423 0.8 801 6.4759196560352e14 6.21657744384e11 128
23 423 0.8 802 9.64020907658624e14 1.847523456e12 130
23 423 0.8 803 3.011081681784e12 1.07476992e9 129
23 423 0.8 804 3.849931679465136e15 7.449010477056e12 127
23 423 0.8 805 5.181214419514e12 8.567021796e9 131
23 423 0.8 806 1.24813899660264e15 1.819518471648e12 127
23 423 0.8 807 5.60412766888432e14 5.47304081184e11 130
23 423 0.8 808 6.8477564532816e14 1.3954852368e12 128
23 423 0.8 809 1.60473530478464e14 3.54535909632e11 130
23 423 0.8 810 3.91152691494e11 6.3195552e7 132
23 423 0.8 811 3.469875298448e12 3.551239054e9 129
23 423 0.8 812 4.3443409878e10 2.7100656e7 131
23 423 0.8 813 1.540590768995796e15 1.792766264352e12 128
23 423 0.8 814 1.6510360183800248e16 2.5541730208032e13 129
23 423 0.8 815 4.29426519136256e14 1.053585006592e12 129
23 423 0.8 816 2.47788245045592e14 3.8585604672e11 129
23 423 0.8 817 3.570180132464652e15 6.228660277712e12 128
23 423 0.8 818 3.194119014195712e15 2.642696785152e12 127
23 423 0.8 819 5.761935684288e13 8.777611008e10 127
23 423 0.8 820 4.605379860022e13 4.0377975696e10 128
23 423 0.8 821 8.701200551808e12 6.609447936e9 131
23 423 0.8 822 1.2216339356272e13 9.6875808e9 128
23 423 0.8 823 9.5573399664e10 1.67506976e8 131
23 423 0.8 824 1.2333040396456192e16 1.6400633593824e13 127
23 423 0.8 825 1.9771342972192e13 2.9731452896e10 128
23 423 0.8 826 1.543882424e9 632016.0 131
23 423 0.8 827 2.2120947554e11 2.48282688e8 129
23 423 0.8 828 7.3136476193352e14 8.9285381792e11 126
23 423 0.8 829 4.3918733856e10 2.474496e6 129
23 423 0.8 830 1.673745588e9 2.179872e6 132
23 423 0.8 831 6.982161414e10 1.603584e6 131
23 423 0.8 832 6.355673239728e13 4.2523850752e10 129
23 423 0.8 833 2.317914687906e14 4.8590170308e11 128
23 423 0.8 834 2.70198901014e11 1.4832315e8 131
23 423 0.8 835 2.353426169496429e15 4.5428693628e12 126
23 423 0.8 836 6.67976315410984e14 1.474915949248e12 127
23 423 0.8 837 7.22885917212e11 1.180379304e9 130
23 423 0.8 838 3.57473661050736e14 5.6741589072e11 129
23 423 0.8 839 1.81995266768e12 4.416e7 128
23 423 0.8 840 1.043276213253346e15 1.834513170014e12 128
23 423 0.8 841 1.566819502899792e15 2.58808531968e11 126
23 423 0.8 842 2.0335805287283e14 3.4782374052e11 127
23 423 0.8 843 4.44012096e8 23040.0 131
23 423 0.8 844 6.006072425264e12 1.1460318864e10 129
23 423 0.8 845 2.46483206052e11 1.86331536e8 131
23 423 0.8 846 5.74354261426592e14 8.721323136e11 128
23 423 0.8 847 3.5324125737552e13 1.97016867e9 128
23 423 0.8 848 3.7266772228261376e17 5.7309838868942e14 125
23 423 0.8 849 9.89043284288e11 3.7380096e7 128
23 423 0.8 850 3.0426104222288936e16 6.8052538984e13 127
23 423 0.8 851 1.34216944484828e14 1.66682492304e11 127
23 423 0.8 852 1.786733813064e12 1.179338688e9 129
23 423 0.8 853 1.55756814922704e14 1.2800614176e11 127
23 423 0.8 854 1.2885082948008e13 2.1881530944e10 130
23 423 0.8 855 8.73759294642768e14 2.023262355456e12 128
23 423 0.8 856 5.06831215546752e14 1.144871786784e12 129
23 423 0.8 857 1.749994026816e12 1.9723392e9 130
23 423 0.8 858 1.238140804335624e15 2.07769570392e12 127
23 423 0.8 859 8.6131371951456e13 2.8327104e10 130
23 423 0.8 860 5.082737436121704e15 9.672380872704e12 128
23 423 0.8 861 2.73186137208e13 7.345812096e10 131
23 423 0.8 862 2.149882168968e13 2.542868208e10 129
23 423 0.8 863 1.63534852354088e14 3.71925312384e11 130
23 423 0.8 864 1.750558446868e12 1.561677312e9 131
23 423 0.8 865 1.3427607966984e13 8.8137504e8 130
23 423 0.8 866 1.787775271112e12 1.092708288e9 129
23 423 0.8 867 1.273559166464e12 9.9016704e8 128
23 423 0.8 868 4.718066321e11 5.8884168e7 131
23 423 0.8 869 2.9620601298624e13 4.4790552e9 128
23 423 0.8 870 9.20229112481424e15 2.1707807057024e13 128
23 423 0.8 871 2.6458355782888e13 6.4146890592e10 131
23 423 0.8 872 1.4047239127167e15 1.848400368384e12 127
23 423 0.8 873 5.01428073834e12 3.9994614e9 128
23 423 0.8 874 7.3059001193604e13 1.3034169792e11 129
23 423 0.8 875 1.96993026554216e14 2.70019715136e11 127
23 423 0.8 876 1.9272245668e11 2.10547764e8 129
23 423 0.8 877 7.876267033406196e15 1.337590036512e13 125
23 423 0.8 878 1.34795021150496e14 1.2397160448e10 127
23 423 0.8 879 2.214743942759562e16 4.6318879984008e13 128
23 423 0.8 880 2.444833467983302e15 3.933897308076e12 127
23 423 0.8 881 1.8197903915296e13 1.464605824e10 129
23 423 0.8 882 2.721314885723267e16 4.099506147072e13 127
23 423 0.8 883 9.89603753694e11 5.01384e6 131
23 423 0.8 884 7.2219304674e10 5.725566e7 130
23 423 0.8 885 8.7682817772e10 3.6736704e7 130
23 423 0.8 886 5.30325168375402e14 3.2497886772e11 127
23 423 0.8 887 1.047716758398933e15 8.00586717324e11 127
23 423 0.8 888 2.942234446473952e15 5.437691026624e12 128
23 423 0.8 889 5.48931370824e11 7.00489728e8 130
23 423 0.8 890 1.330327458017081e17 3.16678857923828e14 126
23 423 0.8 891 2.481444840696e14 9.891564912e10 126
23 423 0.8 892 1.310423047004e12 1.512521768e9 130
23 423 0.8 893 6.6879988809076e13 4.910743416e10 127
23 423 0.8 894 1.250974914024e13 2.3108343552e10 129
23 423 0.8 895 4.24952503949904e14 3.9743352864e11 128
23 423 0.8 896 1.204655350059956e15 2.396350255968e12 129
23 423 0.8 897 2.57709042765504e14 2.23007865444e11 128
23 423 0.8 898 8.34162457104e12 1.628387712e10 129
23 423 0.8 899 7.98460621464e12 1.2545995392e10 128
23 423 0.8 900 5.133843277937929e17 1.162498322478528e15 126
23 423 0.8 901 1.1956647122544124e16 2.473412733792e13 127
23 423 0.8 902 2.2299639087904e13 7.162847232e9 127
23 423 0.8 903 8.3471791176e10 1.03306752e8 130
23 423 0.8 904 5.718219556612e12 1.48061192e9 128
23 423 0.8 905 6.21636312776472e14 3.8627554752e11 127
23 423 0.8 906 3.1103774423592e13 2.91230496e9 127
23 423 0.8 907 3.2914285912e10 3.8805504e7 130
23 423 0.8 908 5.92722687084461e14 4.01826587088e11 129
23 423 0.8 909 2.2716837717241436e16 3.0100033931888e13 126
23 423 0.8 910 4.7092130905824e13 2.64183808e10 128
23 423 0.8 911 6.375950688576e12 3.4827264e7 130
23 423 0.8 912 1.324151630475648e15 3.2467309056e12 128
23 423 0.8 913 5.1497896514724e13 6.4824327216e10 128
23 423 0.8 914 6.5347933984144e13 1.71261837232e11 131
23 423 0.8 915 8.0428058112172e13 6.573877056e9 129
23 423 0.8 916 7.694863793008e12 1.120998256e10 128
23 423 0.8 917 4.339015201026296e15 1.029088217304e13 129
23 423 0.8 918 6.1551272426112e13 8.77289472e10 127
23 423 0.8 919 1.7326641999424e14 1.85438903392e11 128
23 423 0.8 920 1.2245316432830822e16 1.8456548448288e13 127
23 423 0.8 921 2.4371465221702144e16 2.959934826368e12 128
23 423 0.8 922 3.9087547182e10 4.9629768e7 130
23 423 0.8 923 1.124164269024e12 2.8279296e8 127
23 423 0.8 924 1.7592695252864e13 8.94706944e9 128
23 423 0.8 925 2.8209908064e12 5.880102912e9 131
23 423 0.8 926 2.59764485242624e14 5.4961132032e11 127
23 423 0.8 927 1.39443625285804e14 2.66503342656e11 128
23 423 0.8 928 1.05801995088e11 1.1741664e8 129
23 423 0.8 929 3.5157379258362e13 2.626603884e10 130
23 423 0.8 930 3.20949538570278e14 5.95900504188e11 128
23 423 0.8 931 6.63778046087552e14 1.080834072576e12 128
23 423 0.8 932 8.62392150188288e14 1.5464042496e12 127
23 423 0.8 933 1.42744885411888e14 2.88534053472e11 129
23 423 0.8 934 3.1294393150404e13 7.921876032e9 129
23 423 0.8 935 1.563288018104998e15 3.417605023144e12 130
23 423 0.8 936 2.4409904330292e13 2.38028832e10 128
23 423 0.8 937 2.6976560805e11 1.0239048e7 129
23 423 0.8 938 3.8752395057528e13 4.8822635664e10 129
23 423 0.8 939 7.8542219688768e13 7.76107008e10 128
23 423 0.8 940 5.64317354304e11 8.5892076e8 130
23 423 0.8 941 5.806055092897494e17 1.53367905172544e14 126
23 423 0.8 942 6.42218864256e11 7.3649664e7 127
23 423 0.8 943 1.9293530112e11 8.01792e7 129
23 423 0.8 944 1.15654458536808e14 3.875838372e10 128
23 423 0.8 945 5.30875852208e11 3.01306368e8 129
23 423 0.8 946 1.60555320757232e14 3.73746472704e11 130
23 423 0.8 947 2.13519679848e11 2.28427776e8 131
23 423 0.8 948 4.09036995e9 71280.0 132
23 423 0.8 949 4.6732842512e10 3.4039488e7 129
23 423 0.8 950 1.473780607942832e15 1.752972514432e12 127
23 423 0.8 951 1.08885950562496e14 8.681255424e10 128
23 423 0.8 952 4.28457283679232e14 9.32306817024e11 128
23 423 0.8 953 4.241360864910848e15 2.050183347264e12 127
23 423 0.8 954 5.0732060958216e13 2.5399665864e10 127
23 423 0.8 955 2.6896390129869e15 7.271780720832e12 131
23 423 0.8 956 1.1162863272660384e16 3.559361647044e13 129
23 423 0.8 957 2.535197960578754e15 2.733839358948e12 127
23 423 0.8 958 1.1115287960056e13 1.3199498832e10 128
23 423 0.8 959 5.70847592550736e14 3.814412032e10 126
23 423 0.8 960 1.14571479637132e14 3.18007296e9 128
23 423 0.8 961 1.2292548768e11 8.0027136e7 132
23 423 0.8 962 2.8993452736603085e17 1.72270535080768e14 125
23 423 0.8 963 8.092579208819584e15 2.202491385216e12 127
23 423 0.8 964 1.21799056e10 4.00896e6 131
23 423 0.8 965 5.9254256890836e13 1.08274719888e11 129
23 423 0.8 966 3.030893136e10 3.0573936e7 130
23 423 0.8 967 5.0985827200012e13 3.13820808e10 128
23 423 0.8 968 4.6897880900808e13 5.7474865344e10 129
23 423 0.8 969 6.22843212450288e14 9.18187529472e11 128
23 423 0.8 970 8.1161190912e10 1.4095872e8 128
23 423 0.8 971 6.3424901296e10 1.08400432e8 132
23 423 0.8 972 1.861622976e13 1.3341487104e10 128
23 423 0.8 973 3.3204686855039136e16 1.17404689248e13 127
23 423 0.8 974 1.1946385715328e14 2.44835523072e11 129
23 423 0.8 975 2.3052896064e10 466560.0 130
23 423 0.8 976 4.114841119008e12 6.745248e8 128
23 423 0.8 977 6.0243449762872e14 1.00067067744e12 130
23 423 0.8 978 2.6624219674944e13 4.9197096832e10 129
23 423 0.8 979 3.316073662912e12 5.1565248e9 129
23 423 0.8 980 5.15809418624e11 6.3239808e8 131
23 423 0.8 981 3.89387688132864e14 4.8362459136e11 128
23 423 0.8 982 2.2066884564e10 1.1442672e7 133
23 423 0.8 983 4.5319041722448e13 9.9216548064e10 129
23 423 0.8 984 1.448985628375109e17 3.05452996416612e14 125
23 423 0.8 985 2.24087378975676e15 4.92024437296e12 127
23 423 0.8 986 2.182097236624588e15 3.5717109408e11 129
23 423 0.8 987 3.4029663168e10 4.523904e7 131
23 423 0.8 988 5.110837747462656e15 9.715498324992e12 128
23 423 0.8 989 1.62746652298416e14 6.3535707072e10 128
23 423 0.8 990 1.364371184136e12 2.45807136e8 128
23 423 0.8 991 1.20323711960218e14 2.69954053168e11 130
23 423 0.8 992 3.40999772992e11 4.89984e6 128
23 423 0.8 993 1.2048112819008e13 2.4143357664e10 131
23 423 0.8 994 7.130998493421043e16 1.59804401744508e14 127
23 423 0.8 995 1.1982935304919344e16 2.1543764221632e13 127
23 423 0.8 996 6.2552533968864e13 5.3328754176e10 128
23 423 0.8 997 5.5067563746e11 7.32232368e8 130
23 423 0.8 998 2.077437914189056e15 2.970764292096e12 127
23 423 0.8 999 3.8343877213101e13 4.948526382e10 129
23 423 0.8 1000 1.0729961067136e13 1.81099776e10 129
