L N d seed D_(MIS-1) D_MIS MIS
25 500 0.8 0 1025471067914832.0 2176892928.0 151
25 500 0.8 1 16833152924016.0 12151842048.0 154
25 500 0.8 2 734300241762528.0 641102837760.0 153
25 500 0.8 3 1.7391393852976934e+17 206913146048832.0 150
25 500 0.8 4 4.683690931639526e+16 9169382131200.0 151
25 500 0.8 5 2423834773758332.0 2485840101088.0 151
25 500 0.8 6 2361429592022568.0 3186112825800.0 151
25 500 0.8 7 2140180435504.0 4135553760.0 154
25 500 0.8 8 1.95260612800703e+19 3.069561967606733e+16 148
25 500 0.8 9 7.861091987632922e+17 827046423945216.0 147
25 500 0.8 10 6.44574470710885e+16 8902021305600.0 150
25 500 0.8 11 5.392885477084578e+17 745366879567104.0 150
25 500 0.8 12 1.3770503428834774e+17 137729661937920.0 148
25 500 0.8 13 6.336842351715752e+16 115472640143952.0 152
25 500 0.8 14 1.3522314251876814e+17 9034722495200.0 151
25 500 0.8 15 73163339434524.0 59376681000.0 152
25 500 0.8 16 35360871116864.0 16410319200.0 151
25 500 0.8 17 4.891749730019288e+18 5793926944017792.0 150
25 500 0.8 18 2.0955793783116027e+18 122784562004400.0 147
25 500 0.8 19 5.688520483086496e+19 1.2251976033514624e+17 151
25 500 0.8 20 6.584311030235616e+16 85208757926400.0 149
25 500 0.8 21 170331801046272.0 104392903680.0 151
25 500 0.8 22 606073460972064.0 10690436736.0 152
25 500 0.8 23 241607205616.0 136546032.0 152
25 500 0.8 24 6.084386574424859e+16 49206665664576.0 150
25 500 0.8 25 4.77604567042537e+16 95350332874752.0 152
25 500 0.8 26 2398934019290268.0 62437213056.0 151
25 500 0.8 27 36825514944896.0 12439388160.0 153
25 500 0.8 28 1.0796635412090607e+18 1607307538277664.0 151
25 500 0.8 29 7.325994462466863e+17 620579010932640.0 150
25 500 0.8 30 609404100380.0 861999600.0 153
25 500 0.8 31 2.8819185746838013e+17 518629714016256.0 151
25 500 0.8 32 1.0244643308398944e+16 4305198449664.0 151
25 500 0.8 33 1.679605721245248e+16 28253338747360.0 151
25 500 0.8 34 15015715475904.0 14361338880.0 154
25 500 0.8 35 1728871890919072.0 717924505600.0 150
25 500 0.8 36 6.437657872331089e+16 67281997623408.0 151
25 500 0.8 37 4087917201367976.0 1126505794240.0 151
25 500 0.8 38 1172821353216.0 1222041600.0 153
25 500 0.8 39 1.5606816733212253e+17 156396035729520.0 150
25 500 0.8 40 8807737497600.0 14976864000.0 155
25 500 0.8 41 242290256015424.0 12321849600.0 152
25 500 0.8 42 8704909541527992.0 7626825794880.0 148
25 500 0.8 43 1.3404277490268638e+17 241328940916000.0 150
25 500 0.8 44 7.68505659458706e+16 134163923232768.0 151
25 500 0.8 45 30005808158712.0 21270794400.0 151
25 500 0.8 46 13909156700304.0 13651545600.0 152
25 500 0.8 47 3.34282938403938e+16 64293518176272.0 152
25 500 0.8 48 133877599445268.0 49771451376.0 156
25 500 0.8 49 698963459963904.0 836412456960.0 151
25 500 0.8 50 51971946099264.0 871392000.0 151
25 500 0.8 51 571135538592000.0 770966968320.0 153
25 500 0.8 52 11367604990656.0 1397860128.0 153
25 500 0.8 53 935326677342336.0 1548365824000.0 153
25 500 0.8 54 2.916127993006589e+16 13789780780608.0 151
25 500 0.8 55 6999620982995088.0 1213736781120.0 150
25 500 0.8 56 1.0785490783063288e+16 9203014347072.0 149
25 500 0.8 57 3675790597988.0 564546240.0 151
25 500 0.8 58 2.2354675385488835e+19 3.805655560389792e+16 151
25 500 0.8 59 407834320368742.0 2798107200.0 151
25 500 0.8 60 1153782691200.0 1282176000.0 153
25 500 0.8 61 1.6463885807182426e+17 89977347324672.0 151
25 500 0.8 62 1.5184240895388182e+17 80301463282944.0 150
25 500 0.8 63 1.819834250179134e+17 94974289904848.0 149
25 500 0.8 64 4.395814881930077e+16 64007608740864.0 151
25 500 0.8 65 2.9240667005249423e+18 3904371160396640.0 149
25 500 0.8 66 6011128712454400.0 4554189619200.0 150
25 500 0.8 67 205716202560.0 72705600.0 152
25 500 0.8 68 4.209991107524096e+16 67637327616.0 151
25 500 0.8 69 2.650103507025467e+17 203995484984832.0 148
25 500 0.8 70 3.449169321700781e+16 50070332583936.0 151
25 500 0.8 71 15029582739112.0 1282424000.0 153
25 500 0.8 72 1.947566253423485e+16 28148968661760.0 152
25 500 0.8 73 35656071465344.0 5071881984.0 150
25 500 0.8 74 5.309379344023306e+16 9585046840896.0 152
25 500 0.8 75 61873837812666.0 45142739208.0 153
25 500 0.8 76 8.697037212046987e+16 39305163180096.0 150
25 500 0.8 77 384156897768.0 161764128.0 152
25 500 0.8 78 321581405533824.0 309537699840.0 150
25 500 0.8 79 1554935620010.0 774541824.0 153
25 500 0.8 80 1.5549370882602112e+18 2334244011287040.0 150
25 500 0.8 81 3.7701002607349465e+19 7.30427314186967e+16 150
25 500 0.8 82 9.860969349366717e+16 23822848573280.0 149
25 500 0.8 83 1581351960184652.0 2138721662308.0 152
25 500 0.8 84 1.9579760440163978e+18 1924978385417472.0 149
25 500 0.8 85 117676564100928.0 1357655040.0 151
25 500 0.8 86 7.598544842341478e+17 838548083001312.0 151
25 500 0.8 87 125706996715776.0 139266293760.0 152
25 500 0.8 88 2.794781058302042e+18 4883140092035904.0 151
25 500 0.8 89 326208880872640.0 351770125824.0 153
25 500 0.8 90 2283308868559680.0 1795542557184.0 152
25 500 0.8 91 1222092682682720.0 138409441280.0 151
25 500 0.8 92 4.285598647706533e+16 52607776968000.0 150
25 500 0.8 93 4.004013145291986e+19 2.925988048551936e+16 149
25 500 0.8 94 2.504531917594021e+17 209190348680064.0 150
25 500 0.8 95 1.057990896951034e+17 81793977395200.0 150
25 500 0.8 96 9136905935460624.0 7370383196016.0 152
25 500 0.8 97 3222730124090112.0 4507617153600.0 152
25 500 0.8 98 2464420464593440.0 1546502811840.0 151
25 500 0.8 99 8.542544261863747e+17 447719647864224.0 150
25 500 0.8 100 7229222054159928.0 13129984353120.0 153
25 500 0.8 101 9263304274466752.0 16333998382080.0 150
25 500 0.8 102 8046921287919824.0 11876976051936.0 151
25 500 0.8 103 4.800857562605706e+17 4653925165800.0 150
25 500 0.8 104 75395385505344.0 108350931456.0 153
25 500 0.8 105 1628931246752.0 1455463680.0 152
25 500 0.8 106 6.827195962506758e+16 55006871592960.0 151
25 500 0.8 107 344521310073792.0 28766534400.0 151
25 500 0.8 108 636939906000.0 562309128.0 155
25 500 0.8 109 1055045500896.0 10036224.0 151
25 500 0.8 110 1.0135489657806572e+16 19191837739392.0 152
25 500 0.8 111 1898784189623368.0 748448864880.0 152
25 500 0.8 112 13826715432960.0 15409152000.0 154
25 500 0.8 113 6197889770496.0 1897758720.0 152
25 500 0.8 114 2811683705539968.0 2713942361088.0 152
25 500 0.8 115 6.63778307472468e+17 466408158587280.0 151
25 500 0.8 116 1112483576472912.0 25671499776.0 151
25 500 0.8 117 2.071407658805939e+16 7599186780800.0 151
25 500 0.8 118 4.116846352247282e+17 786599460661392.0 150
25 500 0.8 119 152507081760768.0 194351726592.0 150
25 500 0.8 120 301025100816.0 141190560.0 153
25 500 0.8 121 68378372706624.0 113896046592.0 153
25 500 0.8 122 1.6122406539025487e+18 1196670952073496.0 151
25 500 0.8 123 134511677723646.0 23321428380.0 151
25 500 0.8 124 513908413248.0 555217920.0 154
25 500 0.8 125 1536102702700640.0 860218444800.0 152
25 500 0.8 126 5.69159010013495e+16 80845326566400.0 152
25 500 0.8 127 610411314459976.0 234902799360.0 151
25 500 0.8 128 584681664517200.0 952517814336.0 152
25 500 0.8 129 304553518612848.0 156473856000.0 150
25 500 0.8 130 39199261714752.0 47911772160.0 153
25 500 0.8 131 119737185034752.0 56567365632.0 153
25 500 0.8 132 9.782941473455667e+16 160488176415840.0 151
25 500 0.8 133 227730866507328.0 132708708864.0 152
25 500 0.8 134 4.848117429189093e+16 75110545007640.0 150
25 500 0.8 135 5.332214538030798e+18 3926703236488728.0 149
25 500 0.8 136 1.2771086844830813e+17 102973295119056.0 151
25 500 0.8 137 519486039992544.0 481640204352.0 150
25 500 0.8 138 12782402972432.0 5665547520.0 155
25 500 0.8 139 1.378065603030545e+18 1874501363535696.0 148
25 500 0.8 140 1.2785748163996291e+17 233160122200320.0 150
25 500 0.8 141 5127893341527888.0 5986035962496.0 153
25 500 0.8 142 6275000780064.0 4680478656.0 153
25 500 0.8 143 7.342374131367386e+16 108300736788480.0 149
25 500 0.8 144 6259379841003712.0 4130665187328.0 151
25 500 0.8 145 1.9106128929185523e+18 3283792218189504.0 150
25 500 0.8 146 1254369551904.0 360785664.0 155
25 500 0.8 147 1.7190246455170998e+17 333490602065280.0 152
25 500 0.8 148 316431560592.0 176716800.0 154
25 500 0.8 149 3.4077481299992443e+18 4651313042945232.0 149
25 500 0.8 150 5.440081866774552e+16 22735605023160.0 151
25 500 0.8 151 65278175589760.0 606937600.0 154
25 500 0.8 152 1.721116935608374e+18 2479142661619200.0 150
25 500 0.8 153 1130256052686816.0 411707842560.0 152
25 500 0.8 154 1.2386237629858656e+16 14267540426112.0 152
25 500 0.8 155 71225455136.0 17316096.0 152
25 500 0.8 156 149777510400288.0 196537466880.0 153
25 500 0.8 157 57232003999680.0 50948352000.0 151
25 500 0.8 158 3468117525456.0 5616936288.0 154
25 500 0.8 159 2.2978172260530624e+16 21593255474688.0 150
25 500 0.8 160 6.484005895495056e+16 49506244200000.0 151
25 500 0.8 161 8.548836381139844e+18 1.453952051058336e+16 150
25 500 0.8 162 3.3470212828519692e+16 15453468364800.0 150
25 500 0.8 163 7031237819224564.0 12249505215024.0 154
25 500 0.8 164 16499332601776.0 7583833600.0 150
25 500 0.8 165 33350968591488.0 41792205312.0 153
25 500 0.8 166 1.9412180227279866e+17 383731115131728.0 152
25 500 0.8 167 577952146435008.0 924598629248.0 153
25 500 0.8 168 143161419341952.0 226302197760.0 153
25 500 0.8 169 8014462084944.0 4908599040.0 152
25 500 0.8 170 1.592155381234235e+19 2.914309699157376e+16 150
25 500 0.8 171 2.999191418179891e+16 12707253181440.0 149
25 500 0.8 172 4652964936109248.0 1183987975680.0 150
25 500 0.8 173 23846162880.0 13429248.0 154
25 500 0.8 174 61358889052864.0 54179201536.0 154
25 500 0.8 175 264228776575090.0 206491787964.0 151
25 500 0.8 176 2216202453393792.0 103336052736.0 151
25 500 0.8 177 1838104959744.0 3257963520.0 155
25 500 0.8 178 5.10669711898112e+16 46001121309320.0 150
25 500 0.8 179 3.8993150680336186e+17 513447646938624.0 149
25 500 0.8 180 4.0323567698942616e+16 3150555225120.0 148
25 500 0.8 181 8.726073447939904e+16 121337020165968.0 151
25 500 0.8 182 2.841619995622392e+16 2226942720000.0 151
25 500 0.8 183 27495419225792.0 33771144960.0 153
25 500 0.8 184 4227249112703618.0 2501902957672.0 154
25 500 0.8 185 2.752206694791399e+16 48039559936560.0 150
25 500 0.8 186 19376270607276.0 18608240720.0 155
25 500 0.8 187 943718780419072.0 319601018880.0 150
25 500 0.8 188 20937557967364.0 5341838400.0 153
25 500 0.8 189 2791328240738688.0 4587099182976.0 153
25 500 0.8 190 80130006118284.0 59295635000.0 151
25 500 0.8 191 3900117997480352.0 6153646356480.0 153
25 500 0.8 192 5.3493215325998374e+17 845376296435504.0 149
25 500 0.8 193 279841939200.0 407462400.0 156
25 500 0.8 194 3090507461514810.0 2498592489120.0 151
25 500 0.8 195 2054830450379346.0 3623081121420.0 155
25 500 0.8 196 1.3988421623638426e+18 2839757950811784.0 152
25 500 0.8 197 5.516535509605304e+19 3.88650105015943e+16 150
25 500 0.8 198 1.2848132775134869e+17 70375219200.0 149
25 500 0.8 199 4.5158816794540017e+18 7920215281389792.0 150
25 500 0.8 200 2924354411417472.0 9828753408.0 151
25 500 0.8 201 2006206443664.0 5465600.0 151
25 500 0.8 202 1.1761159308925547e+20 2.03516968186123e+17 148
25 500 0.8 203 474971021908096.0 538772136960.0 151
25 500 0.8 204 406866027246.0 468675072.0 155
25 500 0.8 205 6760859114133904.0 8116041577824.0 151
25 500 0.8 206 5419582911619200.0 9074485440000.0 152
25 500 0.8 207 2.0355619692091224e+16 26202359824776.0 152
25 500 0.8 208 3879757860622660.0 35323218000.0 150
25 500 0.8 209 928789350656.0 134991360.0 154
25 500 0.8 210 1.927835343324071e+19 9091954467001056.0 147
25 500 0.8 211 5647369844064760.0 447358799424.0 151
25 500 0.8 212 492524315482608.0 565379753760.0 150
25 500 0.8 213 362709503228160.0 334178058240.0 151
25 500 0.8 214 1.0132620375072426e+18 1495609360874304.0 152
25 500 0.8 215 2.4653146866435384e+16 48766187374640.0 152
25 500 0.8 216 4.453167821962793e+16 98838922839408.0 154
25 500 0.8 217 1132336893101472.0 233543979648.0 151
25 500 0.8 218 3902818063320840.0 2457289377792.0 151
25 500 0.8 219 2322531893911792.0 2823467646720.0 151
25 500 0.8 220 372317895374835.0 111502723500.0 153
25 500 0.8 221 79685780889600.0 128198246400.0 153
25 500 0.8 222 6775096237928.0 2207528640.0 152
25 500 0.8 223 1.3211548867555146e+17 118455343162920.0 149
25 500 0.8 224 405040490977152.0 317096294400.0 151
25 500 0.8 225 18667720331776.0 6202613760.0 152
25 500 0.8 226 6233331403509948.0 7283040842880.0 152
25 500 0.8 227 1.799159577420576e+16 27520602909696.0 152
25 500 0.8 228 29759407488.0 23132160.0 153
25 500 0.8 229 1.7360481342464064e+16 5977934866944.0 149
25 500 0.8 230 98604577658424.0 188279424.0 148
25 500 0.8 231 1216240522579872.0 1600381555200.0 153
25 500 0.8 232 2.408837951925068e+17 322086388892640.0 151
25 500 0.8 233 3.371426833789464e+16 34625851942464.0 149
25 500 0.8 234 6.048055432591277e+17 927569703190568.0 151
25 500 0.8 235 4.3887458556725786e+17 623406950257152.0 152
25 500 0.8 236 3699698273152.0 1807982400.0 153
25 500 0.8 237 774329968806336.0 755884666368.0 151
25 500 0.8 238 60971468932656.0 94260672000.0 152
25 500 0.8 239 1.0473673253768527e+18 1161529811262720.0 149
25 500 0.8 240 83471999425188.0 108652304880.0 154
25 500 0.8 241 323065958391104.0 384043687812.0 152
25 500 0.8 242 3830018840101440.0 14414561280.0 151
25 500 0.8 243 8862510195909760.0 307238256640.0 151
25 500 0.8 244 2.352445496523696e+16 6430490985600.0 149
25 500 0.8 245 144835898234824.0 173778444576.0 152
25 500 0.8 246 1709892260187348.0 2135453078160.0 151
25 500 0.8 247 2042474712172412.0 3224004616944.0 151
25 500 0.8 248 8.4039077745327e+19 8.99661244516393e+16 147
25 500 0.8 249 343878471579808.0 274829483136.0 153
25 500 0.8 250 354611583936.0 210708864.0 155
25 500 0.8 251 4401978761727328.0 6249346049520.0 152
25 500 0.8 252 1.4868220083287475e+17 266914196688528.0 151
25 500 0.8 253 5.1871464537497734e+17 983061937051776.0 150
25 500 0.8 254 1.6337484836466432e+16 24406758580224.0 151
25 500 0.8 255 110784084654448.0 146721731552.0 150
25 500 0.8 256 1.8750899707573376e+16 20101941469184.0 152
25 500 0.8 257 1.1254212093817614e+17 11826897321024.0 150
25 500 0.8 258 120150417979296.0 183709008000.0 154
25 500 0.8 259 6.902826213775104e+16 60372747878400.0 151
25 500 0.8 260 2.56566212549462e+16 36238790824812.0 151
25 500 0.8 261 4.790102138218591e+18 6137981456980320.0 149
25 500 0.8 262 5337892838621472.0 308258231040.0 148
25 500 0.8 263 4650728807586480.0 2844604913600.0 151
25 500 0.8 264 6.694850493041774e+18 1.3606857063339616e+16 151
25 500 0.8 265 193060124155328.0 68350494400.0 150
25 500 0.8 266 8274778548868432.0 7885474149120.0 149
25 500 0.8 267 141132236292096.0 84016300032.0 153
25 500 0.8 268 994747325664.0 391674240.0 154
25 500 0.8 269 9143982387151208.0 9933277438464.0 149
25 500 0.8 270 2.324281918824022e+16 11706614267424.0 149
25 500 0.8 271 68029682281344.0 34171891200.0 151
25 500 0.8 272 4949924198953728.0 6362754412800.0 153
25 500 0.8 273 1.7639944623500732e+16 24833669461260.0 152
25 500 0.8 274 680239539264544.0 376857206400.0 152
25 500 0.8 275 18045451657632.0 17930795520.0 152
25 500 0.8 276 2213876016.0 391680.0 155
25 500 0.8 277 3.1390000191128544e+16 41223096181260.0 150
25 500 0.8 278 719735517158336.0 350202470400.0 152
25 500 0.8 279 3440158215840.0 3187296000.0 153
25 500 0.8 280 31968024239424.0 12739914432.0 153
25 500 0.8 281 1.8800397179221356e+16 2588697025200.0 151
25 500 0.8 282 8.282807677832714e+18 1508881302496512.0 147
25 500 0.8 283 40366309388976.0 55257966720.0 152
25 500 0.8 284 250443524736.0 164312064.0 155
25 500 0.8 285 80416537600.0 18444288.0 154
25 500 0.8 286 6090330042980.0 2238194400.0 151
25 500 0.8 287 448204547584920.0 679065845760.0 154
25 500 0.8 288 7.102437339705453e+18 8372407203941148.0 152
25 500 0.8 289 3.687800489999948e+16 15053841930976.0 150
25 500 0.8 290 383695584564.0 8151840.0 152
25 500 0.8 291 983537145000768.0 386882313984.0 152
25 500 0.8 292 2.0959823286848213e+19 3.725945103705034e+16 149
25 500 0.8 293 1640292769864952.0 2869140958080.0 151
25 500 0.8 294 7273816334834688.0 14263341539328.0 153
25 500 0.8 295 1148282339797984.0 1497304479744.0 153
25 500 0.8 296 212585478460.0 137183760.0 152
25 500 0.8 297 6.123174122967891e+16 97731951283456.0 152
25 500 0.8 298 4056191701568256.0 1274807362560.0 152
25 500 0.8 299 284567189608152.0 188358991488.0 152
25 500 0.8 300 144381471953832.0 224296623936.0 154
25 500 0.8 301 5839922281928826.0 3013702779216.0 150
25 500 0.8 302 4543053444053568.0 2168575180800.0 151
25 500 0.8 303 5.673633778347573e+19 1.0611703665652726e+17 149
25 500 0.8 304 2.2563090534523616e+16 20439816622848.0 150
25 500 0.8 305 8.801604742259248e+16 85495659840000.0 150
25 500 0.8 306 6.147783130202613e+18 1.3166380057479168e+16 150
25 500 0.8 307 4284421887551046.0 5879588952788.0 152
25 500 0.8 308 5.18711602801919e+17 377032027837968.0 148
25 500 0.8 309 4207009784240884.0 5326860775176.0 150
25 500 0.8 310 1066250789316104.0 1293719490432.0 152
25 500 0.8 311 5.112842116185511e+18 9129425390025868.0 150
25 500 0.8 312 302516636141568.0 92606976000.0 150
25 500 0.8 313 3084188507289728.0 3257011662336.0 150
25 500 0.8 314 4.837676228663334e+16 71288820126720.0 150
25 500 0.8 315 6.533460754888101e+16 33239694248812.0 148
25 500 0.8 316 5.631066984356816e+16 53774821632000.0 151
25 500 0.8 317 2656793253696.0 1579162320.0 151
25 500 0.8 318 1.4587189078152643e+19 2.697548153709571e+16 150
25 500 0.8 319 1.4942615664815222e+17 257110609287168.0 151
25 500 0.8 320 647155978712552.0 793736552448.0 153
25 500 0.8 321 2.834931633264734e+17 338567251195476.0 149
25 500 0.8 322 911549472384.0 568442880.0 153
25 500 0.8 323 79229413768032.0 12499142400.0 152
25 500 0.8 324 1.184888799254644e+16 1117448136000.0 154
25 500 0.8 325 5149088854731840.0 4087704287232.0 151
25 500 0.8 326 2.4424524798581475e+17 128549628123840.0 151
25 500 0.8 327 485191665984.0 24007680.0 153
25 500 0.8 328 2.680749037847141e+16 7026698355120.0 149
25 500 0.8 329 508569494270841.0 353882906622.0 150
25 500 0.8 330 1.3730483731314051e+17 109469074117040.0 150
25 500 0.8 331 1.224155572508592e+16 738124234560.0 150
25 500 0.8 332 1.4591317163549245e+18 2593297706405184.0 150
25 500 0.8 333 6191776023151968.0 1869001344000.0 151
25 500 0.8 334 201416431872.0 339655680.0 154
25 500 0.8 335 6.121663025077025e+17 891274005826048.0 148
25 500 0.8 336 131618645576280.0 191176501320.0 153
25 500 0.8 337 2.846912618010949e+19 3.99976408812793e+16 149
25 500 0.8 338 1959806772643528.0 1906620718112.0 150
25 500 0.8 339 5.67783922937737e+16 40008140355456.0 150
25 500 0.8 340 3.7886342969534235e+19 1.0969981026507776e+16 150
25 500 0.8 341 6.425075858834676e+16 95045263144032.0 152
25 500 0.8 342 65282187096.0 54250560.0 154
25 500 0.8 343 1.0183141346824712e+16 19334344240320.0 153
25 500 0.8 344 1.0560924446493256e+16 9844299680256.0 150
25 500 0.8 345 1.6920882125309128e+16 7037194805312.0 147
25 500 0.8 346 2.8232399280913024e+17 235045740788640.0 150
25 500 0.8 347 152208331067952.0 254309134464.0 153
25 500 0.8 348 3038661963200.0 14336000.0 151
25 500 0.8 349 2.7680327701086884e+18 2078280598772784.0 148
25 500 0.8 350 1.438996877122464e+16 5438532318336.0 151
25 500 0.8 351 511635317465684.0 479952320976.0 152
25 500 0.8 352 659598363847680.0 1155989634048.0 154
25 500 0.8 353 2.755791398070186e+18 236484344977152.0 150
25 500 0.8 354 1.0029185494326904e+16 13509108421760.0 150
25 500 0.8 355 320160840363636.0 142982658000.0 153
25 500 0.8 356 5.1598366344765235e+17 488212680936456.0 151
25 500 0.8 357 7.83541075551081e+17 1234331144814096.0 150
25 500 0.8 358 7.125308581866697e+16 107794989116640.0 150
25 500 0.8 359 5065383381368152.0 5561194509568.0 150
25 500 0.8 360 508294826200944.0 662365526400.0 153
25 500 0.8 361 1.6288641013217792e+18 2655564631319856.0 149
25 500 0.8 362 5327089896576.0 2552217600.0 152
25 500 0.8 363 18722471037937.0 24741708642.0 155
25 500 0.8 364 993256940979968.0 1488362969600.0 153
25 500 0.8 365 385445443096864.0 324861600000.0 153
25 500 0.8 366 2279716191195936.0 1742882734080.0 149
25 500 0.8 367 995659631350200.0 356752066176.0 151
25 500 0.8 368 1.0557828694455953e+20 6.34171516442856e+16 147
25 500 0.8 369 2113972946928.0 2496067200.0 155
25 500 0.8 370 1.5435426011092992e+16 17354380550160.0 151
25 500 0.8 371 3.0701525097716634e+17 364398597853440.0 151
25 500 0.8 372 2.518881736540466e+17 315350989968544.0 150
25 500 0.8 373 1.1574057692966507e+17 85634446240512.0 149
25 500 0.8 374 2112198300776960.0 1833725952000.0 152
25 500 0.8 375 2300066798326672.0 3208587669504.0 151
25 500 0.8 376 1234666208013120.0 1720396454400.0 153
25 500 0.8 377 1.5264049965193679e+19 3.022600059568973e+16 149
25 500 0.8 378 2.041664816617292e+16 22755199713600.0 150
25 500 0.8 379 258578326195968.0 196091240448.0 150
25 500 0.8 380 1.052810317918438e+17 77355003547692.0 151
25 500 0.8 381 3.3212911394822784e+17 469799477052416.0 150
25 500 0.8 382 390623560643476.0 575588939712.0 152
25 500 0.8 383 26983186033380.0 22264404480.0 152
25 500 0.8 384 193421086602112.0 83688192000.0 150
25 500 0.8 385 3853356184795698.0 5003894939040.0 151
25 500 0.8 386 1.683481649301886e+17 241724538799200.0 150
25 500 0.8 387 173878764160020.0 74073231360.0 150
25 500 0.8 388 88235118340984.0 34514096640.0 150
25 500 0.8 389 1.0944772326567504e+16 17934615787968.0 153
25 500 0.8 390 8.527731193682544e+16 26408958055200.0 150
25 500 0.8 391 482675421857152.0 320001490944.0 151
25 500 0.8 392 631526740687296.0 212453176320.0 152
25 500 0.8 393 2527792203361536.0 2948987948544.0 151
25 500 0.8 394 4.0836200992144906e+18 4330635063487368.0 150
25 500 0.8 395 749984238232896.0 327961866240.0 150
25 500 0.8 396 2421846497719016.0 1309578479808.0 149
25 500 0.8 397 243254826870816.0 197284988416.0 152
25 500 0.8 398 4.297698845295246e+16 54588146579296.0 151
25 500 0.8 399 1.735714830831048e+17 319538999859492.0 152
25 500 0.8 400 3.776016449260112e+16 33695858067552.0 152
25 500 0.8 401 263273922045600.0 247679188992.0 153
25 500 0.8 402 677526320896.0 46632960.0 152
25 500 0.8 403 4083524486728368.0 1609036780032.0 153
25 500 0.8 404 7.422885089507964e+17 1162026596692080.0 149
25 500 0.8 405 8644053018408042.0 12956980626720.0 152
25 500 0.8 406 1754954238912.0 325656576.0 153
25 500 0.8 407 192285157403552.0 323812385280.0 155
25 500 0.8 408 5.359076654150007e+16 1538879484492.0 151
25 500 0.8 409 627536121420448.0 31831246080.0 150
25 500 0.8 410 460484440089888.0 359080071552.0 150
25 500 0.8 411 3.137662513562029e+16 41402555458176.0 151
25 500 0.8 412 6207864761406966.0 2972469787956.0 152
25 500 0.8 413 48811026310912.0 2851430400.0 149
25 500 0.8 414 6.364339221163402e+17 1290310736019456.0 151
25 500 0.8 415 3403069320528.0 47980800.0 152
25 500 0.8 416 4.1299334064730195e+17 288020195384544.0 150
25 500 0.8 417 100973705481228.0 57200804864.0 151
25 500 0.8 418 2.5307233556794464e+17 5003876650848.0 149
25 500 0.8 419 16780859625088.0 4472838144.0 153
25 500 0.8 420 392164672441152.0 268582459392.0 151
25 500 0.8 421 3.533179082085536e+18 6058047572784970.0 149
25 500 0.8 422 3.321702288736719e+17 448888730810688.0 149
25 500 0.8 423 2.633173114400082e+18 16451987819520.0 148
25 500 0.8 424 191462086021376.0 12175122432.0 152
25 500 0.8 425 1.9903397272631355e+18 14742454875264.0 150
25 500 0.8 426 232691763241944.0 209566592928.0 151
25 500 0.8 427 2.003029405758328e+17 328576432920720.0 152
25 500 0.8 428 4.96232368478664e+16 45247357026432.0 151
25 500 0.8 429 2.940038477767565e+16 59678857876608.0 151
25 500 0.8 430 1311723543121248.0 558298471104.0 152
25 500 0.8 431 2.5393267583264064e+16 36475440461568.0 150
25 500 0.8 432 1.4832021001132608e+16 11160776616192.0 153
25 500 0.8 433 3576114317632.0 2247916800.0 151
25 500 0.8 434 5.724723491175456e+16 8203596360960.0 149
25 500 0.8 435 689234929650990.0 524199682944.0 151
25 500 0.8 436 386242528331840.0 232045449600.0 153
25 500 0.8 437 84304986896160.0 24569153280.0 150
25 500 0.8 438 252614400105888.0 432401969952.0 153
25 500 0.8 439 2.568096451655203e+16 35130938927616.0 151
25 500 0.8 440 2.528338902737923e+16 13513152836160.0 152
25 500 0.8 441 58686651863088.0 7653346176.0 152
25 500 0.8 442 4.903984133912885e+17 636506785777284.0 150
25 500 0.8 443 410297168448.0 599187456.0 156
25 500 0.8 444 2372649895039104.0 1080077044608.0 152
25 500 0.8 445 1073563538776584.0 1422215316480.0 152
25 500 0.8 446 8678631151690816.0 8167273390080.0 148
25 500 0.8 447 5787634925532864.0 9754679380608.0 151
25 500 0.8 448 5.463780336941481e+17 40442325055488.0 149
25 500 0.8 449 6.33921425623168e+16 30092586440832.0 151
25 500 0.8 450 3398834305433276.0 87547280640.0 150
25 500 0.8 451 161107867027872.0 29203421184.0 151
25 500 0.8 452 88414040439882.0 78314325768.0 153
25 500 0.8 453 69874148500596.0 19584836964.0 155
25 500 0.8 454 2598579295357824.0 804406394880.0 151
25 500 0.8 455 6059699673785376.0 4037279189760.0 151
25 500 0.8 456 3662087519049556.0 4570429920672.0 152
25 500 0.8 457 1.0234181518545742e+17 8347634314320.0 149
25 500 0.8 458 7605234815207616.0 10359234588672.0 149
25 500 0.8 459 1.140702485634617e+17 12322348316352.0 151
25 500 0.8 460 72140444104116.0 79633954752.0 152
25 500 0.8 461 2.240099363658787e+16 35700812228736.0 151
25 500 0.8 462 4.6789992576999544e+16 21839348617632.0 149
25 500 0.8 463 23836221792.0 2326320.0 153
25 500 0.8 464 1.0594143431335866e+19 1.9724016586469376e+16 149
25 500 0.8 465 1.3998424116668189e+17 16089869467920.0 150
25 500 0.8 466 499108527447984.0 735299368704.0 152
25 500 0.8 467 723133939620028.0 392253417984.0 151
25 500 0.8 468 2427255761936592.0 1023724800.0 152
25 500 0.8 469 9.174312656414748e+17 1258463788838592.0 150
25 500 0.8 470 1.2265098468008752e+16 17882668922880.0 150
25 500 0.8 471 3526724679107392.0 160397112960.0 151
25 500 0.8 472 3.0462817848727856e+16 39467927443712.0 152
25 500 0.8 473 3982008861360.0 5249664.0 153
25 500 0.8 474 2.5835912686010196e+16 19431228348672.0 152
25 500 0.8 475 1207437774125112.0 336628708272.0 152
25 500 0.8 476 829920333299968.0 130758507520.0 152
25 500 0.8 477 5.161851433392691e+16 72717284533824.0 151
25 500 0.8 478 307921411584.0 60825600.0 154
25 500 0.8 479 3.823146734610763e+16 13980184210944.0 151
25 500 0.8 480 2045693939114752.0 3880331513856.0 151
25 500 0.8 481 5662543180836224.0 8018420423424.0 152
25 500 0.8 482 6.159847674173445e+17 305768880860224.0 148
25 500 0.8 483 2.79716859131328e+16 292626432000.0 148
25 500 0.8 484 7.935294639764563e+16 60578696401344.0 151
25 500 0.8 485 1.7243604869145846e+18 2572581660750504.0 149
25 500 0.8 486 513825416192.0 140482560.0 152
25 500 0.8 487 1934085982848.0 1520854272.0 155
25 500 0.8 488 1.0824771666281168e+16 2110776671232.0 149
25 500 0.8 489 152565864434340.0 5251395356.0 152
25 500 0.8 490 6.347280591050904e+17 389563474649328.0 148
25 500 0.8 491 5.452394558325061e+17 596735811712128.0 150
25 500 0.8 492 167695305883252.0 94446518400.0 150
25 500 0.8 493 1.514646325344187e+17 223916211815424.0 151
25 500 0.8 494 7.762541388442282e+16 77697023414328.0 150
25 500 0.8 495 469962330403872.0 231968461824.0 153
25 500 0.8 496 8907358125702528.0 3869835886080.0 151
25 500 0.8 497 1.0513133448397217e+18 660080452026672.0 150
25 500 0.8 498 4.598989619798502e+16 50504279654400.0 151
25 500 0.8 499 208596288296772.0 7908171560.0 152
25 500 0.8 500 1.5781481402654518e+17 148140850048704.0 152
25 500 0.8 501 1.202618348964136e15 1.16849511792e12 152
25 500 0.8 502 2.3363139096e12 3.790893312e9 155
25 500 0.8 503 1.05590902722311e15 9.09412831248e11 151
25 500 0.8 504 3.13666717785328e14 2.54410821952e11 151
25 500 0.8 505 1.0254944364205216e18 1.679096867241648e15 151
25 500 0.8 506 3.254046666844e12 3.0624048e8 154
25 500 0.8 507 4.7584309230816e13 2.254738176e10 155
25 500 0.8 508 3.202162550327149e16 2.00404677856e12 150
25 500 0.8 509 1.978820406944616e15 3.296918461536e12 151
25 500 0.8 510 5.287540439864376e15 6.81121192896e12 151
25 500 0.8 511 1.020216229955524e15 1.48516361892e12 150
25 500 0.8 512 4.0746306978432e13 1.223684352e10 153
25 500 0.8 513 3.2500440147412864e18 5.388453627464576e15 150
25 500 0.8 514 3.14557407384e12 2.895372e9 153
25 500 0.8 515 1.9245658814208e13 2.866652928e10 155
25 500 0.8 516 5.85287195967762e15 8.03418475032e11 150
25 500 0.8 517 5.497210694687309e16 8.46496272384e11 149
25 500 0.8 518 1.73018669663744e14 1.7181175296e10 153
25 500 0.8 519 2.42468313090264e14 2.675179224e11 154
25 500 0.8 520 1.3412805876469783e18 2.803646420092416e15 151
25 500 0.8 521 1.96438782483e13 1.19848624e8 151
25 500 0.8 522 1.335583498314462e15 1.943396204328e12 153
25 500 0.8 523 4.05937447756344e14 7.26197724e11 154
25 500 0.8 524 1.0372200538980627e17 9.9332017406208e13 150
25 500 0.8 525 1.52971479362048e14 1.43535587328e11 151
25 500 0.8 526 1.3888118279802312e18 2.173707789302232e15 151
25 500 0.8 527 1.117946713565784e15 1.230537222384e12 151
25 500 0.8 528 1.2893878869063432e16 7.400769627072e12 150
25 500 0.8 529 7.969611592728e13 6.370379136e10 152
25 500 0.8 530 1.2237718309708e16 2.0966001606144e13 152
25 500 0.8 531 4.663144063861296e16 6.9042123657216e13 152
25 500 0.8 532 3.612008919316864e15 3.458068229376e12 150
25 500 0.8 533 2.29791325188715e17 3.184192512e12 149
25 500 0.8 534 6.66426174512e12 3.64665456e9 153
25 500 0.8 535 6.4425607729502e13 5.17228032e9 152
25 500 0.8 536 2.978797647744e12 4.44517632e9 155
25 500 0.8 537 2.1170417587043513e21 3.952461990361268e18 147
25 500 0.8 538 4.121529773533274e17 3.14851463444352e14 150
25 500 0.8 539 5.8685892850275e13 3.5811181824e10 153
25 500 0.8 540 3.220674571483776e15 3.490810380288e12 153
25 500 0.8 541 6.0094261784736e13 9.49755456e9 151
25 500 0.8 542 1.7291448249146575e18 3.6045389956464e15 150
25 500 0.8 543 1.684229853868227e15 2.48911268058e12 152
25 500 0.8 544 1.0035767325870096e17 8.2616861927808e13 150
25 500 0.8 545 4.930302330802838e16 1.1780905330944e13 149
25 500 0.8 546 4.878684823205376e15 8.15484174336e12 152
25 500 0.8 547 3.9210531174719584e17 1.81842747578624e14 149
25 500 0.8 548 3.9595504113912e13 2.54584512e10 151
25 500 0.8 549 3.569492934432e12 3.957626304e9 151
25 500 0.8 550 2.127973363738428e15 1.57787702804e12 151
25 500 0.8 551 1.2218113239808e13 4.22936064e9 154
25 500 0.8 552 1.26669742708736e14 4.91692032e9 152
25 500 0.8 553 7.841348464194e12 7.923375936e9 152
25 500 0.8 554 1.905544530984703e16 7.810874417136e12 150
25 500 0.8 555 3.452931885388592e18 2.2620158496e13 150
25 500 0.8 556 3.28354168775508e15 5.4965846916e12 152
25 500 0.8 557 2.13288256848e11 1.172448e7 151
25 500 0.8 558 3.756348180693872e15 2.312828332544e12 150
25 500 0.8 559 2.71379665242756e15 3.01592741292e12 152
25 500 0.8 560 4.6474955208192e13 1.0449641472e10 150
25 500 0.8 561 2.1505082779386125e17 7.486986338304e12 150
25 500 0.8 562 2.3921944712384e13 3.333270288e10 155
25 500 0.8 563 6.323349080577727e18 7.535732958632392e15 149
25 500 0.8 564 6.578930037860272e15 1.0207266979728e13 153
25 500 0.8 565 9.101853452184e12 1.483407e8 152
25 500 0.8 566 6.5064312e9 4.4928e6 156
25 500 0.8 567 4.4175768491424e13 4.5584525952e10 152
25 500 0.8 568 9.88608002994e13 4.1560124652e10 152
25 500 0.8 569 2.9569250397494212e16 2.6490613103424e13 149
25 500 0.8 570 1.802272702641002e17 3.1014761782752e14 151
25 500 0.8 571 1.8754059666655382e17 2.90974975909632e14 153
25 500 0.8 572 1.3789361936823552e16 6.833951428608e12 152
25 500 0.8 573 3.052364775305129e17 4.584401547264e14 149
25 500 0.8 574 1.668122125724086e18 2.581405314845184e15 149
25 500 0.8 575 2.448761926013235e17 3.65096959676856e14 149
25 500 0.8 576 3.665915475289822e17 7.68180576096e14 153
25 500 0.8 577 8.157847979284992e15 1.208635997184e12 150
25 500 0.8 578 3.9081184087821645e18 5.70871080694656e14 151
25 500 0.8 579 6.110671077144816e15 1.20187533504e12 152
25 500 0.8 580 7.641613284512e12 5.05114176e9 155
25 500 0.8 581 2.031364488328046e15 1.083758439456e12 151
25 500 0.8 582 4.052692742405656e16 3.485239296e11 149
25 500 0.8 583 8.753501117324668e18 8.982084100422784e15 151
25 500 0.8 584 9.978749932520994e15 1.523702206656e13 153
25 500 0.8 585 5.027040774e10 4.8357936e7 153
25 500 0.8 586 2.424160111239323e16 2.1670682317488e13 152
25 500 0.8 587 8.270500381953056e15 1.3780373568e13 151
25 500 0.8 588 3.65196881270144e14 2.23054871424e11 150
25 500 0.8 589 4.394362027776e13 7.65284352e10 153
25 500 0.8 590 4.586774135132529e19 3.456194155020288e16 149
25 500 0.8 591 5.70099229420036e14 4.455463158e11 152
25 500 0.8 592 1.335825709909056e15 1.66016542464e12 152
25 500 0.8 593 9.259584267506874e16 9.844916027008e13 150
25 500 0.8 594 4.46967732126536e14 5.50112190144e11 153
25 500 0.8 595 2.62612064802816e14 2.788535808e10 150
25 500 0.8 596 2.07884335336576e14 5.356606464e9 150
25 500 0.8 597 1.17882504668526e18 2.53510563930624e15 153
25 500 0.8 598 7.362116162304e12 1.0507290624e10 155
25 500 0.8 599 3.088795255488e12 1.669248e9 154
25 500 0.8 600 4.111860736621708e16 3.8650516687872e13 152
25 500 0.8 601 3.6979149941688e14 8.2446336e10 149
25 500 0.8 602 2.406436789998528e15 5.795490816e11 149
25 500 0.8 603 9.753533278132434e16 1.1718054432e14 150
25 500 0.8 604 5.037373359768192e15 4.95739035648e12 155
25 500 0.8 605 2.6097525506095584e16 2.9116475926272e13 150
25 500 0.8 606 5.376664956185136e15 3.096426708864e12 150
25 500 0.8 607 2.5226405077968e13 3.156718752e10 153
25 500 0.8 608 1.926404745097472e15 1.417595904e10 151
25 500 0.8 609 3.26515705801776e14 4.64677077888e11 154
25 500 0.8 610 1.3560431845144e14 1.75375199808e11 153
25 500 0.8 611 5.2677522469952e13 7.5687002816e10 153
25 500 0.8 612 8.9584325958864e13 1.18336788e11 154
25 500 0.8 613 4.18554310803724e14 6.66025178784e11 153
25 500 0.8 614 9.5166011932032e13 2.8607717376e10 151
25 500 0.8 615 4.54679933768832e15 5.6646660096e12 152
25 500 0.8 616 2.343226387976e13 4.49568e8 153
25 500 0.8 617 1.3781657778624e14 2.845269504e10 150
25 500 0.8 618 5.21946933831168e14 3.20480523648e11 150
25 500 0.8 619 2.5788075538176e13 3.4559741952e10 152
25 500 0.8 620 2.290892932864e12 1.152958464e9 152
25 500 0.8 621 1.1811876531751603e17 8.70817425408e13 149
25 500 0.8 622 3.688757111173588e20 6.572252899705061e17 148
25 500 0.8 623 1.4741953276968e14 1.098732e11 152
25 500 0.8 624 1.76104585142144e14 1.92374570496e11 151
25 500 0.8 625 7.94631390144e11 5.522688e8 152
25 500 0.8 626 7.60109345463744e14 1.50664866048e12 153
25 500 0.8 627 1.16324513470976e14 1.4178189312e11 153
25 500 0.8 628 1.8253800024484752e17 3.8068399613664e14 151
25 500 0.8 629 4.192838363900698e16 7.2405675159552e13 153
25 500 0.8 630 1.0999596952165504e17 1.81048418239104e14 151
25 500 0.8 631 8.427769461690864e15 1.1473318490976e13 150
25 500 0.8 632 2.2191727122212823e18 5.320373408832e14 150
25 500 0.8 633 7.796470412317312e15 4.37035539456e12 151
25 500 0.8 634 1.3121612575219824e16 2.13529206384e13 151
25 500 0.8 635 3.603383556178389e16 1.5187336604424e13 151
25 500 0.8 636 2.5161797328024643e18 2.894909542621824e15 149
25 500 0.8 637 2.272864294257997e16 3.1455350784e13 152
25 500 0.8 638 1.47335053133616e15 4.1619587072e11 149
25 500 0.8 639 3.492503199824844e17 6.24199619200152e14 151
25 500 0.8 640 1.17236751408e13 1.4548896e10 155
25 500 0.8 641 5.508582241127973e16 1.350161276112e13 151
25 500 0.8 642 4.754416465383438e17 8.17256813665248e14 149
25 500 0.8 643 1.25688854472832e14 4.5874110464e10 152
25 500 0.8 644 4.6887305278208e13 3.0078618624e10 152
25 500 0.8 645 1.2384728851992909e17 1.4700308695056e14 150
25 500 0.8 646 8.590018333248e12 3.52484352e9 154
25 500 0.8 647 8.413076790056e13 2.69120016e10 153
25 500 0.8 648 8.686943617025126e16 1.104351260928e12 152
25 500 0.8 649 4.897215157919026e17 6.23126167856352e14 152
25 500 0.8 650 4.586978418632e12 1.977339904e9 152
25 500 0.8 651 1.514364269640048e15 1.750547468664e12 152
25 500 0.8 652 1.67512287372416e14 3.0153950976e11 155
25 500 0.8 653 2.768447634922276e15 2.650306933968e12 151
25 500 0.8 654 2.0627462521683423e18 3.094910715398976e15 150
25 500 0.8 655 7.5389681223664e13 1.18534205376e11 153
25 500 0.8 656 2.126379750272e14 1.810501632e11 153
25 500 0.8 657 6.8044378136e13 8.158776e10 153
25 500 0.8 658 9.18485886293004e14 9.40147548528e11 150
25 500 0.8 659 1.05997761960768e14 6.6010526208e10 152
25 500 0.8 660 3.6430914950628196e19 8.049551787733165e16 151
25 500 0.8 661 1.1450765682033808e17 1.44495445706984e14 152
25 500 0.8 662 1.2283410966349648e16 1.3880420423424e13 151
25 500 0.8 663 3.505989488861972e17 5.9312534800728e13 152
25 500 0.8 664 3.5655041432427603e17 2.281009172832e14 149
25 500 0.8 665 1.16270799915288e15 1.12515676416e11 151
25 500 0.8 666 1.07758459513376e14 2.5946280468e10 154
25 500 0.8 667 7.768387425327519e19 1.2121656450889685e17 149
25 500 0.8 668 3.22759260952e11 1.1927552e8 154
25 500 0.8 669 1.0743682042012464e17 1.11595436930304e14 151
25 500 0.8 670 2.114794267213769e18 1.82198345567072e15 150
25 500 0.8 671 1.606774212279534e17 2.01386022747264e14 150
25 500 0.8 672 8.957496493713728e15 1.979980950016e12 149
25 500 0.8 673 3.68918718624e12 5.5812096e7 152
25 500 0.8 674 1.05218901219096e16 1.086761442816e13 153
25 500 0.8 675 3.336302272896e13 2.2767288192e10 151
25 500 0.8 676 1.14373405794936e14 8.2112129952e10 151
25 500 0.8 677 4.028410687764e13 6.2435808e10 154
25 500 0.8 678 2.956122205129272e15 2.600470543104e12 151
25 500 0.8 679 6.8594715786048e13 1.18509530112e11 155
25 500 0.8 680 3.640558888481587e17 5.5473180770304e14 151
25 500 0.8 681 1.8270834588e11 3.795174e7 154
25 500 0.8 682 1.226301020517264e15 4.3000391592e11 152
25 500 0.8 683 9.58096264350528e14 4.2440343984e11 152
25 500 0.8 684 2.868113826556819e16 9.646013924352e12 153
25 500 0.8 685 5.2538729184e10 1.368576e7 153
25 500 0.8 686 9.142508020629404e15 1.0386825523776e13 152
25 500 0.8 687 4.279587993430816e16 2.041191261264e13 150
25 500 0.8 688 9.6619439415888e13 8.1408888e10 152
25 500 0.8 689 4.418248931369202e18 6.06369083092608e15 151
25 500 0.8 690 9.218639998784e12 2.77277184e9 154
25 500 0.8 691 1.108128086411046e17 9.98498507328e11 148
25 500 0.8 692 2.944640124484584e15 2.13634888236e12 152
25 500 0.8 693 7.477226968724224e15 5.829636636672e12 151
25 500 0.8 694 1.9646144320418505e19 3.1732511497191936e16 148
25 500 0.8 695 7.5524334952416e13 4.4770485504e10 151
25 500 0.8 696 1.3860501021936e14 1.62594432e11 153
25 500 0.8 697 1.921599194076e12 1.87097904e9 154
25 500 0.8 698 3.64967311850023e17 6.99472013473504e14 150
25 500 0.8 699 3.636266745704e12 4.031174784e9 153
25 500 0.8 700 1.86214482828288e14 1.08342531968e11 149
25 500 0.8 701 5.153621774976e12 6.5323368e9 153
25 500 0.8 702 1.253460323328e12 5.467968e8 154
25 500 0.8 703 3.440774921983865e17 1.43934051835776e14 148
25 500 0.8 704 1.2167853726919327e18 8.26145699150016e14 149
25 500 0.8 705 1.7162305849455483e18 1.502521386424416e15 150
25 500 0.8 706 1.6272371043850925e17 1.86684075592704e14 149
25 500 0.8 707 1.0326108260940776e16 4.287252474912e12 152
25 500 0.8 708 1.84986774470438e17 2.37735545818368e14 150
25 500 0.8 709 2.729963916368e12 1.047292416e9 151
25 500 0.8 710 9.3660122508644e13 1.16376264e10 153
25 500 0.8 711 5.35440584304048e14 9.1701208872e11 153
25 500 0.8 712 1.84707432144e12 1.394823168e9 152
25 500 0.8 713 1.3087280336252936e16 1.2833864338208e13 151
25 500 0.8 714 1.7799371310386704e17 2.78537292041886e14 150
25 500 0.8 715 2.88575230395696e14 3.3792005376e11 152
25 500 0.8 716 1.41182294976e11 6.4136448e7 151
25 500 0.8 717 5.41726384580164e16 9.625329223776e13 152
25 500 0.8 718 2.280672650211696e15 3.590108936064e12 152
25 500 0.8 719 2.873355440477288e15 2.7274206336e11 152
25 500 0.8 720 1.1623278921130202e17 2.0189325337776e14 152
25 500 0.8 721 1.06552259677824e14 6.244632576e10 151
25 500 0.8 722 2.9263568409856e13 2.413006848e10 149
25 500 0.8 723 9.3514362196032e13 9.1424504736e10 152
25 500 0.8 724 1.1454620020608e13 4.27908096e9 153
25 500 0.8 725 1.0114566654976e14 1.507002504e11 154
25 500 0.8 726 2.394089381086702e19 2.5140421701218304e16 149
25 500 0.8 727 4.966964371872e13 8.760254976e9 152
25 500 0.8 728 6.568593670636692e15 2.64436346076e12 150
25 500 0.8 729 1.26414230391972e14 7.9354049544e10 152
25 500 0.8 730 4.088075193515328e15 4.47291143424e11 152
25 500 0.8 731 2.5058925887616e13 2.471648256e9 151
25 500 0.8 732 1.1403279108433712e16 1.3849343959968e13 150
25 500 0.8 733 2.768774119310285e16 2.80001468544e13 151
25 500 0.8 734 7.3004758948916e14 3.936124368e11 155
25 500 0.8 735 2.02463511644544e14 3.4102551168e11 152
25 500 0.8 736 1.975577369520844e17 1.0118584254336e14 149
25 500 0.8 737 2.534996190642432e15 2.242117380096e12 152
25 500 0.8 738 1.0132918657754328e16 9.23647981952e12 148
25 500 0.8 739 1.7197528767030997e19 1.912988487730483e16 148
25 500 0.8 740 3.6679126485316e15 6.18323108544e11 151
25 500 0.8 741 3.86166397316912e14 1.31742528e10 149
25 500 0.8 742 3.804811845471142e16 6.2753659262976e13 151
25 500 0.8 743 2.99820778042624e14 3.7904891904e10 152
25 500 0.8 744 1.458100966032e12 1.58669928e9 155
25 500 0.8 745 1.3947050131986e13 2.25753672e10 155
25 500 0.8 746 1.7239483850961892e16 6.805210598208e12 150
25 500 0.8 747 4.524108747942432e17 6.63381770103408e14 151
25 500 0.8 748 4.044435951178858e17 7.331766624e11 149
25 500 0.8 749 1.690403966047859e18 2.328400508245538e15 152
25 500 0.8 750 2.6134456307023645e17 2.6600847046272e14 149
25 500 0.8 751 1.965079870772531e16 6.57669193728e12 153
25 500 0.8 752 3.253899134569463e17 3.86579952181696e14 149
25 500 0.8 753 1.4155031775024e13 2.91786624e8 151
25 500 0.8 754 2.39836134350592e14 4.4757098496e11 154
25 500 0.8 755 1.348051606207056e15 1.72537141248e12 152
25 500 0.8 756 7.5498245275584e13 2.779017216e9 150
25 500 0.8 757 4.102211191171848e15 1.117228518e12 152
25 500 0.8 758 7.593329388384e13 4.06467072e10 150
25 500 0.8 759 1.0966708041125179e17 1.98897659243424e14 151
25 500 0.8 760 6.547816262538e12 2.4149664e8 153
25 500 0.8 761 3.92594989412352e15 1.69891577856e12 151
25 500 0.8 762 2.940662201103e14 7.43148216e10 149
25 500 0.8 763 4.198942646323452e15 5.3053543296e12 152
25 500 0.8 764 5.6628493472548685e17 1.24726338100224e15 152
25 500 0.8 765 8.489197204738112e15 1.3469987138688e13 153
25 500 0.8 766 1.04308689209856e14 7.887874176e10 152
25 500 0.8 767 3.8291256967266746e17 7.03372968644976e14 149
25 500 0.8 768 1.64198682293696e15 2.872994931936e12 152
25 500 0.8 769 4.276781104012e12 1.3560759e9 154
25 500 0.8 770 7.9966646926848e13 4.328183808e10 153
25 500 0.8 771 6.81439015566288e14 1.0989554688e10 152
25 500 0.8 772 8.441229869466352e15 7.74746954496e12 150
25 500 0.8 773 3.17722644156416e14 1.670550336e11 152
25 500 0.8 774 9.98379235713652e14 1.29224151296e11 153
25 500 0.8 775 5.089135423811791e16 4.5272966012864e13 150
25 500 0.8 776 1.31362228065024e14 1.27282119552e11 154
25 500 0.8 777 3.421870676539992e15 5.65038991296e12 152
25 500 0.8 778 3.840136907656296e15 6.46047686452e12 153
25 500 0.8 779 8.5222365680312e13 5.0045271048e10 151
25 500 0.8 780 9.132022890625862e16 1.26820757360808e14 151
25 500 0.8 781 9.32389933326132e14 1.8419990676e11 152
25 500 0.8 782 3.1484768256e11 4.4126208e8 153
25 500 0.8 783 1.026617405697024e15 6.764967936e11 150
25 500 0.8 784 3.76536549523176e14 2.4001728576e11 151
25 500 0.8 785 4.4941507128576e13 3.9934700352e10 151
25 500 0.8 786 4.506035011745193e18 3.284465890183264e15 147
25 500 0.8 787 8.42326792724776e14 7.04699799936e11 151
25 500 0.8 788 1.0605350803999008e16 7.169344992e12 150
25 500 0.8 789 2.6382232109738586e17 5.71032199507616e14 153
25 500 0.8 790 2.7264209527168e13 4.2708498432e10 154
25 500 0.8 791 8.812709596124947e17 1.462842587793972e15 151
25 500 0.8 792 3.838086098999238e18 4.932488802578856e15 149
25 500 0.8 793 2.2031503432257697e18 2.69688339811728e15 149
25 500 0.8 794 1.99679277931848e14 9.1840187488e10 151
25 500 0.8 795 4.762603333931296e15 5.606725028352e12 151
25 500 0.8 796 8.714244873661072e15 8.938841554944e12 152
25 500 0.8 797 2.359680546888e13 6.73269408e9 154
25 500 0.8 798 2.22693909984e11 1.56612096e8 154
25 500 0.8 799 8.6126830848e11 5.0761728e8 152
25 500 0.8 800 2.2875906807880304e16 2.052039929088e12 150
25 500 0.8 801 6.139108610177518e15 1.245721803876e12 152
25 500 0.8 802 1.913448317915136e15 2.066962563072e12 151
25 500 0.8 803 2.0329979054983452e16 2.5847324512104e13 152
25 500 0.8 804 1.1796474657384e13 1.731896964e10 154
25 500 0.8 805 1.12490175483168e14 5.0248300608e10 153
25 500 0.8 806 8.793183920700176e15 1.6350886240256e13 153
25 500 0.8 807 1.276212440981088e15 1.01230024752e12 151
25 500 0.8 808 2.8077850448526e15 3.875504724e12 153
25 500 0.8 809 5.882820849538606e19 1.3206486495482582e17 150
25 500 0.8 810 9.79212579801912e14 1.293225588e11 152
25 500 0.8 811 4.187022964205485e16 2.6693868126528e13 149
25 500 0.8 812 1.8325978901987914e17 2.8476008165316e14 151
25 500 0.8 813 1.463775583386912e15 1.7215906752e11 151
25 500 0.8 814 2.298801242282949e16 3.1958096872896e13 152
25 500 0.8 815 3.182406936962995e16 8.624509604928e12 149
25 500 0.8 816 3.4567054043911685e18 7.79382875059184e15 151
25 500 0.8 817 5.913399969108e13 7.9305408e10 153
25 500 0.8 818 6.496755368713516e15 1.637694036672e12 149
25 500 0.8 819 3.5708315263476e13 4.7550495096e10 150
25 500 0.8 820 2.256106609271712e15 2.668845560832e12 152
25 500 0.8 821 4.547574864248e15 1.670813643264e12 149
25 500 0.8 822 3.0563654136305316e16 3.674052716472e13 153
25 500 0.8 823 8.225041367490053e17 1.63111516927776e14 149
25 500 0.8 824 1.0140331955577907e18 1.951809869403624e15 153
25 500 0.8 825 5.3774036001696616e16 1.947949802496e13 150
25 500 0.8 826 1.3376364197904e13 7.56332928e9 151
25 500 0.8 827 2.24502148055952e14 9.658618016e9 151
25 500 0.8 828 9.799576362541426e17 2.1852579085056e13 148
25 500 0.8 829 5.239292435168111e15 4.523232574704e12 150
25 500 0.8 830 2.763294156041165e16 2.8243086299136e13 152
25 500 0.8 831 2.949871103311872e15 4.18503331584e12 152
25 500 0.8 832 3.970435157856e12 1.90130976e9 154
25 500 0.8 833 2.54678856968138e17 1.41365022346656e14 153
25 500 0.8 834 1.51190970239016e14 1.58982372864e11 153
25 500 0.8 835 3.3375944594532186e17 6.31097582117248e14 150
25 500 0.8 836 1.240359626027e12 1.670707272e9 155
25 500 0.8 837 1.276374332273832e15 2.098293062752e12 154
25 500 0.8 838 7.609615118871469e16 9.036045406368e13 151
25 500 0.8 839 3.84578852548608e14 6.5381105664e11 153
25 500 0.8 840 1.7308850821028826e16 2.5198926184368e13 150
25 500 0.8 841 1.1802109440192212e20 1.5416943906210963e17 149
25 500 0.8 842 6.43237422198911e19 1.3505234934895027e17 149
25 500 0.8 843 2.88875659354512e14 4.73021299584e11 155
25 500 0.8 844 3.848298446592e12 1.7480448e9 152
25 500 0.8 845 3.082497703488e12 2.91499776e8 151
25 500 0.8 846 1.54434417268e11 3.573144e7 153
25 500 0.8 847 4.94073891222516e14 3.1671123876e11 152
25 500 0.8 848 2.7213547285770022e17 2.11078983703104e14 151
25 500 0.8 849 1.4481057395347e14 1.5169289856e11 155
25 500 0.8 850 3.1773709702716084e19 5.224411596085739e16 148
25 500 0.8 851 1.746982464e10 4.1472e6 153
25 500 0.8 852 3.529825372509984e15 3.31181669952e12 151
25 500 0.8 853 1.10991534137472e14 1.4456392704e11 150
25 500 0.8 854 4.160570419554048e16 2.21438897388e12 151
25 500 0.8 855 3.223182574406515e16 8.0935743168e10 151
25 500 0.8 856 1.4981795926296e13 2.750171592e10 154
25 500 0.8 857 6.886402962877621e16 9.8017291375164e13 153
25 500 0.8 858 6.703814795107011e16 1.0070480101527e14 151
25 500 0.8 859 8.205774889888779e16 1.25316441726336e14 151
25 500 0.8 860 1.592192316503152e15 2.169226856256e12 151
25 500 0.8 861 6.86295698648928e14 1.388565191296e12 152
25 500 0.8 862 2.763291158668992e15 1.21161940992e12 150
25 500 0.8 863 1.916543551328022e19 3.80566462761126e16 149
25 500 0.8 864 6.042234115643052e15 5.96402297064e12 149
25 500 0.8 865 2.0598632339102976e16 7.86138499584e11 152
25 500 0.8 866 5.46223633094864e15 1.250709037056e12 152
25 500 0.8 867 2.955785690669086e16 3.9177501538272e13 150
25 500 0.8 868 1.358229097856e13 1.1604096e10 153
25 500 0.8 869 6.34402640735216e14 6.66504959616e11 152
25 500 0.8 870 5.2312153073472e13 5.02153344e9 153
25 500 0.8 871 1.08777645904392e14 1.03942763136e11 152
25 500 0.8 872 5.119116845355815e18 7.97880305664e15 150
25 500 0.8 873 4.587303650514746e16 7.227520135503e13 150
25 500 0.8 874 1.59703489696224e14 5.1601824e10 152
25 500 0.8 875 1.567775212297784e15 7.09930617984e11 150
25 500 0.8 876 1.0568319575247813e19 1.6985464678944e16 150
25 500 0.8 877 2.2556496318744e15 3.48472580096e12 154
25 500 0.8 878 4.44948235018212e14 1.8419666112e11 151
25 500 0.8 879 4.155275691918936e15 3.825596347632e12 150
25 500 0.8 880 2.283655811697472e16 3.4333406688e13 151
25 500 0.8 881 6.029272347729104e15 7.139154830688e12 153
25 500 0.8 882 1.47658400115876e14 4.94825472e8 151
25 500 0.8 883 2.645564247324e12 7.4906208e8 151
25 500 0.8 884 5.9200354628352e13 3.474159936e10 152
25 500 0.8 885 4.4809930190099825e18 7.450898974577824e15 150
25 500 0.8 886 8.227296230717722e16 7.6446299120256e13 151
25 500 0.8 887 1.9095497164296544e16 1.0987148947968e13 151
25 500 0.8 888 1.85324012091264e14 9.31101696e9 154
25 500 0.8 889 3.893888178614016e15 1.21965751296e12 152
25 500 0.8 890 1.7039833357161776e17 3.0761354195712e14 150
25 500 0.8 891 4.34544378336e12 5.482944e9 153
25 500 0.8 892 7.125255542678905e18 7.595360705880768e15 148
25 500 0.8 893 2.138047342188432e15 2.579184952032e12 152
25 500 0.8 894 1.9173861350628e13 4.915001856e9 150
25 500 0.8 895 4.996343653242624e15 2.46242304e10 150
25 500 0.8 896 9.57624522917712e14 1.426933297152e12 151
25 500 0.8 897 3.1218761148e16 2.078163495936e12 150
25 500 0.8 898 2.156113958787648e16 2.31704613504e13 150
25 500 0.8 899 1.36589686571232e14 5.761107936e10 151
25 500 0.8 900 1.770010810075553e17 1.59937350144e12 149
25 500 0.8 901 1.350024281809488e15 9.195239664e10 149
25 500 0.8 902 3.8987814347900544e17 6.1548349759848e14 150
25 500 0.8 903 6.553186651190552e17 6.63826090741632e14 152
25 500 0.8 904 1.707647371584e12 1.902553344e9 153
25 500 0.8 905 2.271580709146761e16 2.5146237523712e13 151
25 500 0.8 906 8.20771885864e12 1.0433952e10 154
25 500 0.8 907 3.798777949322336e16 6.2551464558432e13 150
25 500 0.8 908 2.154764256108e15 6.42806212608e11 149
25 500 0.8 909 1.2908566050003024e17 5.9930887135488e13 150
25 500 0.8 910 9.66988023002792e14 7.9985678976e11 152
25 500 0.8 911 9.271991314384e12 1.546792704e9 151
25 500 0.8 912 8.71970831784e13 5.6952139392e10 153
25 500 0.8 913 1.160650024724528e17 1.71559283013936e14 150
25 500 0.8 914 1.57722304512252e14 9.564745248e10 156
25 500 0.8 915 2.4996037529264e14 1.8449952768e10 152
25 500 0.8 916 8.29733594490368e14 1.6109856e11 150
25 500 0.8 917 1.0376359286386054e16 1.4310312317556e13 150
25 500 0.8 918 1.73667886547904e14 8.360137728e10 153
25 500 0.8 919 1.80069111182304e14 3.434047488e11 153
25 500 0.8 920 1.3433460552032708e20 2.931654783515259e17 149
25 500 0.8 921 7.14149729545272e15 1.2070129026816e13 152
25 500 0.8 922 4.289635335168e12 1.51289856e9 150
25 500 0.8 923 1.4321477387289186e19 1.233788491439568e16 148
25 500 0.8 924 5.072219124736e12 2.411790336e9 150
25 500 0.8 925 2.888430511470792e15 1.227010894848e12 151
25 500 0.8 926 5.37723738912e12 9.90573984e8 152
25 500 0.8 927 6.64537778277192e15 2.942429780448e12 150
25 500 0.8 928 4.079660127914e12 3.705176976e9 152
25 500 0.8 929 1.1713573120814805e17 1.6379237562912e14 151
25 500 0.8 930 7.740394430941972e17 2.460432702288e14 148
25 500 0.8 931 6.193304663412565e16 1.1826985441632e14 150
25 500 0.8 932 8.327388600041655e18 1.2987454321686528e16 150
25 500 0.8 933 8.336316963456e12 4.805192448e9 153
25 500 0.8 934 1.5520738076598915e18 2.481118129776736e15 149
25 500 0.8 935 2.56093546473072e14 8.318018304e10 152
25 500 0.8 936 2.48012372840904e15 4.276737392832e12 152
25 500 0.8 937 2.6609911308864e13 1.49579136e9 152
25 500 0.8 938 3.18547445221312e14 3.11110867456e11 151
25 500 0.8 939 5.558273143820256e15 4.794049684752e12 151
25 500 0.8 940 8.61691751225962e14 2.76824794248e11 151
25 500 0.8 941 2.7047718442866504e18 1.514487048023072e15 148
25 500 0.8 942 3.7638030203967206e17 3.2857564225048e14 149
25 500 0.8 943 7.34826585889488e14 1.032333975648e12 152
25 500 0.8 944 1.24375873802112e14 2.04865376256e11 153
25 500 0.8 945 2.20580071368e11 2.10718848e8 155
25 500 0.8 946 1.314794985804e12 8.713656e8 152
25 500 0.8 947 2.861799027326976e15 1.26121476096e12 152
25 500 0.8 948 2.1517414098487344e16 3.78226368e10 151
25 500 0.8 949 4.793723815392e12 6.69731328e8 152
25 500 0.8 950 2.65248856946706e14 3.94211722164e11 153
25 500 0.8 951 2.453732085588e14 1.38327433344e11 152
25 500 0.8 952 6.14555783236608e14 7.0098179328e11 152
25 500 0.8 953 1.261730724492e13 6.676733952e9 152
25 500 0.8 954 3.7160994122928e14 4.516902144e11 152
25 500 0.8 955 8.324210448293707e16 1.6168470912e12 150
25 500 0.8 956 8.269246235745664e15 1.379160859776e13 151
25 500 0.8 957 3.7256534697568e13 1.1411730432e10 151
25 500 0.8 958 3.6228819e11 3.06782208e8 155
25 500 0.8 959 1.16022167039232e14 8.460329472e10 152
25 500 0.8 960 4.273991893536134e16 2.6173989001728e13 149
25 500 0.8 961 8.425120525104e12 3.255223104e9 155
25 500 0.8 962 1.4773977968268e13 1.9912536e9 153
25 500 0.8 963 2.2540663906056e13 5.6076192e8 151
25 500 0.8 964 6.359292934613174e15 4.350887767848e12 151
25 500 0.8 965 5.026431037323896e15 9.39663717408e12 154
25 500 0.8 966 4.462367544164026e17 1.38099782016e13 149
25 500 0.8 967 6.1040956853128e13 7.5846273264e10 152
25 500 0.8 968 5.753233957296e12 3.066729984e9 155
25 500 0.8 969 2.5442384827104e13 2.3485790592e10 151
25 500 0.8 970 1.2489473149113605e18 1.74599980995684e15 147
25 500 0.8 971 1.9358297696060845e17 1.19928825223296e14 150
25 500 0.8 972 4.37242672030224e14 1.76897810304e11 152
25 500 0.8 973 1.35421542144e11 6.478848e7 152
25 500 0.8 974 1.501282181206344e15 1.332509627904e12 152
25 500 0.8 975 2.57807069722896e17 3.3406042962736e14 150
25 500 0.8 976 2.052948980208e12 1.72025856e8 152
25 500 0.8 977 5.596602008749119e15 6.121004805198e12 151
25 500 0.8 978 2.092689841449092e15 2.465529130512e12 152
25 500 0.8 979 1.8867564379693632e17 3.6329159422464e13 147
25 500 0.8 980 2.37978826466448e15 2.49862011264e12 154
25 500 0.8 981 2.1630056857856288e17 3.71804754465504e14 149
25 500 0.8 982 2.126446398725301e16 3.3350706082368e13 151
25 500 0.8 983 3.8732596534368e13 4.862339712e10 153
25 500 0.8 984 8.433219706275712e15 1.49994931968e13 151
25 500 0.8 985 2.549472164511665e18 4.591341691262136e15 152
25 500 0.8 986 1.0260931777651924e18 2.007665429557248e15 150
25 500 0.8 987 1.355868121946976e15 2.118721536e10 151
25 500 0.8 988 8.99119865106432e14 8.58398736384e11 154
25 500 0.8 989 6.625180510504662e16 7.63966023156e13 149
25 500 0.8 990 2.77650179658132e14 1.36824961572e11 152
25 500 0.8 991 1.246298871574688e16 8.921598351648e12 150
25 500 0.8 992 1.0101386531793418e17 2.05583453590212e14 152
25 500 0.8 993 3.4603229996096e13 1.97551872e9 152
25 500 0.8 994 3.4898910367625073e19 6.514260531260429e16 150
25 500 0.8 995 1.579479038780624e15 9.58237520128e11 151
25 500 0.8 996 2.916483186313824e15 1.32931991808e11 153
25 500 0.8 997 5.81770279325184e15 6.94218590208e12 151
25 500 0.8 998 1.7204827426880928e16 2.625609109248e13 154
25 500 0.8 999 1.833567211781136e15 2.090440599552e12 151
25 500 0.8 1000 1.08317635959e12 2.19649248e8 152
