L N d seed D_(MIS-1) D_MIS MIS
27 583 0.8 0 8.90629796454505e+16 23498585616384.0 175
27 583 0.8 1 1.3630637230176704e+16 693040298240.0 177
27 583 0.8 2 1.3930749257351124e+16 11411820452952.0 177
27 583 0.8 3 1.2229888774775227e+18 772818403230720.0 174
27 583 0.8 4 1.2436016181650235e+20 2.7906831234432e+16 175
27 583 0.8 5 1.5656346222540102e+20 1.997427176964553e+17 175
27 583 0.8 6 1.337563721407294e+17 23192385315840.0 175
27 583 0.8 7 3.742194741604502e+16 14998070263680.0 176
27 583 0.8 8 6.799752190661987e+16 746944942080.0 175
27 583 0.8 9 1.4796467799279704e+19 1.2251758935830208e+16 175
27 583 0.8 10 2.729452580573184e+17 37771159507200.0 174
27 583 0.8 11 2.0130499361374502e+18 946457484281856.0 174
27 583 0.8 12 2.1545116998128796e+18 3309462380448096.0 176
27 583 0.8 13 2.58103358656196e+17 137548358720640.0 176
27 583 0.8 14 2.3921009476341472e+17 125178085071360.0 174
27 583 0.8 15 1.0571106634013162e+18 737079566952960.0 176
27 583 0.8 16 1.5202656439744448e+16 13832771430400.0 179
27 583 0.8 17 4.5293853018075346e+18 1172666556512064.0 177
27 583 0.8 18 3.5252457805380395e+19 8289770532986880.0 173
27 583 0.8 19 5.7231615735435805e+19 6.13094785020544e+16 172
27 583 0.8 20 5.011562688866238e+16 2486542464000.0 175
27 583 0.8 21 7503914238126080.0 6540923338752.0 176
27 583 0.8 22 6.316687199705713e+19 1.0398021197219328e+17 176
27 583 0.8 23 3.276095273904481e+17 315435542381568.0 175
27 583 0.8 24 526754011824.0 440316000.0 180
27 583 0.8 25 2.016217099623501e+16 13767477407648.0 177
27 583 0.8 26 15356780793472.0 413475840.0 176
27 583 0.8 27 1.0279301011707149e+17 87295571656704.0 176
27 583 0.8 28 2.8596271666285824e+16 13750235136000.0 176
27 583 0.8 29 1.3583223936225833e+19 2.07245029336128e+16 175
27 583 0.8 30 1.3306976161513714e+17 190200084921984.0 177
27 583 0.8 31 1.166777767873184e+17 75344657861760.0 176
27 583 0.8 32 4.0577248873216777e+20 1.581020108186327e+17 174
27 583 0.8 33 2248596785357004.0 2277851984496.0 177
27 583 0.8 34 6.159905559807311e+17 85736786503680.0 175
27 583 0.8 35 1.5436094711992924e+21 2.3496436836919265e+18 174
27 583 0.8 36 767450301652864.0 277483358208.0 179
27 583 0.8 37 2.4981243976448947e+18 2870553896289120.0 176
27 583 0.8 38 1424611758308016.0 904857047040.0 179
27 583 0.8 39 1.5738607050666624e+16 23178179206656.0 179
27 583 0.8 40 2.866987404431994e+17 6002185077792.0 174
27 583 0.8 41 2.666683067515282e+18 3781579780813824.0 175
27 583 0.8 42 2.927367115391138e+19 4.805291102626465e+16 177
27 583 0.8 43 2.111316490008042e+22 3.188889913060634e+19 173
27 583 0.8 44 4284987321466080.0 3705077376.0 177
27 583 0.8 45 2.1347421751080246e+18 3043158230698920.0 176
27 583 0.8 46 2.0858115069434458e+18 1274887839927744.0 176
27 583 0.8 47 8.407732716765751e+18 1.1156766770166528e+16 176
27 583 0.8 48 9.388927549798748e+18 9411429703934336.0 175
27 583 0.8 49 1.3007949257568164e+19 1.2011461583938956e+16 174
27 583 0.8 50 2.5745683535963898e+17 48621855744.0 177
27 583 0.8 51 6311844878281272.0 7312767078240.0 178
27 583 0.8 52 357487289231616.0 254899685376.0 178
27 583 0.8 53 9.969723871537498e+16 108623848780800.0 178
27 583 0.8 54 62328130050048.0 31213486080.0 178
27 583 0.8 55 9.009770036343624e+19 9289639406822400.0 175
27 583 0.8 56 1.6977459124485312e+17 191692524568320.0 177
27 583 0.8 57 1699577049261312.0 149393756160.0 177
27 583 0.8 58 1.1803763591285966e+16 9148809689172.0 177
27 583 0.8 59 3.833479311649441e+19 6.664555764849562e+16 177
27 583 0.8 60 1.8393684017752397e+17 80696217600.0 174
27 583 0.8 61 1683516429064704.0 156014816256.0 175
27 583 0.8 62 2.234566514624875e+16 14877267148800.0 174
27 583 0.8 63 2.53107306159694e+21 4.078357291331626e+18 175
27 583 0.8 64 1.115965391872105e+17 91644210577920.0 176
27 583 0.8 65 6.795138581143001e+21 6.249474996857211e+18 173
27 583 0.8 66 3.472207522558875e+17 462133454776224.0 180
27 583 0.8 67 11581179432144.0 509804352.0 177
27 583 0.8 68 3.443518094671416e+16 30529781061408.0 175
27 583 0.8 69 2.811529448336546e+18 3023693653432320.0 174
27 583 0.8 70 2.577101178515597e+16 25431352619328.0 176
27 583 0.8 71 282571130243884.0 159070845600.0 176
27 583 0.8 72 5.63126753894276e+20 5.7035862411165696e+17 174
27 583 0.8 73 69941730713472.0 8071444800.0 178
27 583 0.8 74 5.406156931773896e+21 44302176626400.0 173
27 583 0.8 75 2.4234550860728218e+17 266657770045440.0 177
27 583 0.8 76 6.302971143234848e+18 3566347707852800.0 175
27 583 0.8 77 1.1114018415820756e+18 1122585003767304.0 176
27 583 0.8 78 1238986165987584.0 289266122160.0 178
27 583 0.8 79 2.9613666953118e+17 37329824636928.0 175
27 583 0.8 80 2.95622497436463e+19 4.885335653867597e+16 176
27 583 0.8 81 1.5878289999572224e+16 15616070043264.0 179
27 583 0.8 82 4.339251445407299e+19 5.001317612887142e+16 174
27 583 0.8 83 1.0683221962079089e+18 1160231455362048.0 174
27 583 0.8 84 4.665575573846682e+19 3719155688759808.0 174
27 583 0.8 85 3.323431699856787e+16 28503133804800.0 174
27 583 0.8 86 7.541849694115315e+20 1.9141811274356352e+17 173
27 583 0.8 87 1.2897339112177317e+22 2.3472747174578848e+19 173
27 583 0.8 88 4.930593543151203e+17 301112748426240.0 176
27 583 0.8 89 6.957816268861764e+16 58804688305440.0 176
27 583 0.8 90 14429136096.0 2177280.0 179
27 583 0.8 91 1.2841618362464256e+19 9503529176601600.0 174
27 583 0.8 92 7.542661671340004e+19 9.43863686046936e+16 175
27 583 0.8 93 6025826790572288.0 7783738839040.0 179
27 583 0.8 94 1.0938681541686026e+17 923339594496.0 177
27 583 0.8 95 1809909530174608.0 194833600.0 176
27 583 0.8 96 2.174402319458803e+18 2047645788162048.0 174
27 583 0.8 97 3.8084804947521325e+17 393145566589440.0 176
27 583 0.8 98 7.331329832027222e+18 1.0590961172220288e+16 176
27 583 0.8 99 1.0930870003828256e+18 1479899656605696.0 176
27 583 0.8 100 4.163199273288795e+17 5961116672640.0 174
27 583 0.8 101 8.258422933895916e+17 162312401829888.0 177
27 583 0.8 102 1.2083943117480798e+19 9593671544122604.0 176
27 583 0.8 103 9.182955484639537e+17 287128684972800.0 176
27 583 0.8 104 5.492090584319962e+16 18322654406400.0 173
27 583 0.8 105 4.312270503544427e+19 2.207690051088564e+16 174
27 583 0.8 106 1.2164257471145669e+19 1.483876430512128e+16 175
27 583 0.8 107 8.06494421732985e+17 1297110073288176.0 179
27 583 0.8 108 1.422416558326656e+18 1624827600000.0 174
27 583 0.8 109 9746316893845216.0 5816129462640.0 174
27 583 0.8 110 1.8550619879871095e+19 2.610403899918144e+16 175
27 583 0.8 111 5.624814014517588e+18 5787200864222304.0 175
27 583 0.8 112 1.119159243295324e+18 133753519762560.0 176
27 583 0.8 113 1.4900692003326384e+16 14739531532800.0 176
27 583 0.8 114 8.984444236357334e+20 5.434861714731694e+17 171
27 583 0.8 115 9.864439885012244e+18 1.2480278380206912e+16 177
27 583 0.8 116 4.286508864493051e+17 150636628013760.0 176
27 583 0.8 117 5.444181571833093e+20 7.73464791395287e+16 174
27 583 0.8 118 8.534290263976636e+17 142710010823424.0 175
27 583 0.8 119 709209424014156.0 19504767600.0 181
27 583 0.8 120 4.130459641973522e+19 1.762814842902912e+16 174
27 583 0.8 121 29881808395776.0 13310853120.0 176
27 583 0.8 122 7964162644866880.0 5023730188800.0 177
27 583 0.8 123 1.9091462583232742e+18 816139072944000.0 175
27 583 0.8 124 4.217790947469804e+19 6.21000106700736e+16 175
27 583 0.8 125 6.886727447136733e+17 466825161600000.0 176
27 583 0.8 126 9864738197070336.0 9384350515200.0 178
27 583 0.8 127 7.551870534596718e+17 586824587440128.0 177
27 583 0.8 128 2.7948619446930703e+18 840513591384576.0 175
27 583 0.8 129 5.720333681936421e+22 8.712428857572652e+19 173
27 583 0.8 130 2.9501769924329996e+20 9.44867279249536e+16 173
27 583 0.8 131 1.4649563959321018e+19 2.023791266847427e+16 176
27 583 0.8 132 2.230147049294207e+19 1.5422749768344384e+16 175
27 583 0.8 133 7.875946308178408e+19 1.87916318808192e+16 174
27 583 0.8 134 4.303745649799025e+18 1788510368174400.0 177
27 583 0.8 135 5.996804426490534e+17 156609338002432.0 174
27 583 0.8 136 1.8863796621350144e+16 7557636425400.0 176
27 583 0.8 137 1.5531048561893356e+19 7338720503635200.0 175
27 583 0.8 138 8.311081353944847e+18 7341878635017360.0 173
27 583 0.8 139 5.446567166405123e+19 6836884691500080.0 173
27 583 0.8 140 9986712062699776.0 2437737984000.0 177
27 583 0.8 141 3.841749544125086e+17 54872107014144.0 176
27 583 0.8 142 419899928624640.0 189560217600.0 175
27 583 0.8 143 1051038645360600.0 1099309302000.0 178
27 583 0.8 144 4.729313975690021e+18 2976362748637056.0 175
27 583 0.8 145 5694387183456.0 6598074240.0 180
27 583 0.8 146 1.567519050248774e+20 6521652768153600.0 177
27 583 0.8 147 1.606040569214116e+18 8212634800680.0 176
27 583 0.8 148 6256776041184.0 1003056384.0 177
27 583 0.8 149 2.8877232048484572e+16 17085706202880.0 177
27 583 0.8 150 3.1985810418747412e+19 3.829224279341552e+16 176
27 583 0.8 151 2.972757742603576e+18 3541121655736320.0 177
27 583 0.8 152 3924692893755584.0 1012533875200.0 175
27 583 0.8 153 3.3078445013678266e+17 72546229941120.0 174
27 583 0.8 154 699762509092608.0 335868788736.0 176
27 583 0.8 155 8.770194831831663e+17 537979118183040.0 174
27 583 0.8 156 6.592666277793758e+16 2784862080000.0 175
27 583 0.8 157 1.0309082766657606e+19 3910086956482560.0 173
27 583 0.8 158 1263590295744.0 138052992.0 177
27 583 0.8 159 5.74795927391994e+18 5009499001344192.0 176
27 583 0.8 160 5.230292386190918e+16 70705229489664.0 178
27 583 0.8 161 44341282242400.0 28323840000.0 178
27 583 0.8 162 7.235773361415456e+16 16483428610560.0 175
27 583 0.8 163 8.73017737515515e+19 1.066421927023308e+16 174
27 583 0.8 164 4.301959329691375e+18 7777314924719760.0 178
27 583 0.8 165 5.435865711280744e+16 946291261440.0 175
27 583 0.8 166 1.1399958428718503e+21 2.0373669350006195e+18 175
27 583 0.8 167 3.2035894507831656e+16 23227101559872.0 178
27 583 0.8 168 3.968091348482766e+19 1.165587324819048e+16 175
27 583 0.8 169 22595682752064.0 7776092160.0 180
27 583 0.8 170 3.3436087604197925e+19 6374705595568128.0 175
27 583 0.8 171 4.285892839659429e+17 402867418086144.0 175
27 583 0.8 172 3.036785204978573e+16 7945649786880.0 175
27 583 0.8 173 1.5053941576069683e+17 16783923367296.0 174
27 583 0.8 174 1.5618145883269763e+18 294529639766880.0 176
27 583 0.8 175 1.6921076475730214e+18 498850859995488.0 175
27 583 0.8 176 5.207287985748221e+16 49083565878720.0 178
27 583 0.8 177 2.9084429373731246e+19 2.434865135994288e+16 173
27 583 0.8 178 4.914946715852932e+16 64217365505280.0 175
27 583 0.8 179 3.3504802361901907e+22 2.5818068570469052e+19 172
27 583 0.8 180 3.937478516726222e+16 25073440531200.0 177
27 583 0.8 181 966891836923776.0 1083622385664.0 176
27 583 0.8 182 1.0392046729185825e+18 289247541857280.0 177
27 583 0.8 183 8.213887498990233e+19 4.10868795108096e+16 174
27 583 0.8 184 5.899819925010039e+21 8.712026932306907e+18 173
27 583 0.8 185 3.940520424334774e+16 17973058794240.0 176
27 583 0.8 186 1.483655611450453e+18 775727674273104.0 174
27 583 0.8 187 5.737866564714529e+19 8.44054950755968e+16 176
27 583 0.8 188 1.1898237581923425e+21 1.2015548573106662e+18 174
27 583 0.8 189 3.7937406391863334e+17 420201686741760.0 177
27 583 0.8 190 7.416520269040507e+19 3.5019598012277572e+16 173
27 583 0.8 191 4.1125781695888717e+18 1316236568298496.0 177
27 583 0.8 192 803690343087088.0 540259200.0 175
27 583 0.8 193 2.846165151577536e+16 33040042905600.0 178
27 583 0.8 194 5.166762277798957e+17 387817850592000.0 176
27 583 0.8 195 2176470111377184.0 2945567708928.0 178
27 583 0.8 196 167585553406128.0 15764499360.0 175
27 583 0.8 197 2699450655644748.0 3248409132848.0 180
27 583 0.8 198 1.3430611062981568e+16 19371112115712.0 177
27 583 0.8 199 2733367456379904.0 3924232519680.0 180
27 583 0.8 200 6.866755572528618e+17 662645401744512.0 176
27 583 0.8 201 5.377457785849608e+18 4419920036233920.0 174
27 583 0.8 202 5.957609782452325e+20 3.882742700292173e+16 173
27 583 0.8 203 4.437020891916866e+16 29125711313280.0 176
27 583 0.8 204 1.0420488874745873e+18 1056639439814832.0 176
27 583 0.8 205 8.485807959219512e+16 8507482141056.0 175
27 583 0.8 206 4381479049974160.0 1842973474944.0 177
27 583 0.8 207 1.2130559796074496e+16 13266691200000.0 178
27 583 0.8 208 5.323168451877008e+21 7.429687579046607e+18 174
27 583 0.8 209 4678003931200.0 465144832.0 179
27 583 0.8 210 5.043679452227092e+19 6.103143772737178e+16 173
27 583 0.8 211 2.5899131167757286e+17 56700765794400.0 175
27 583 0.8 212 1.3957527074133957e+18 284530145796000.0 175
27 583 0.8 213 4.1868420162330195e+17 481666253016960.0 175
27 583 0.8 214 2.7793968677184276e+18 3573432951842304.0 178
27 583 0.8 215 3.216699188576492e+21 5.55812701357182e+18 174
27 583 0.8 216 2662071727204496.0 47136427776.0 176
27 583 0.8 217 9322156021073040.0 3449011150656.0 178
27 583 0.8 218 945572781600.0 858211200.0 178
27 583 0.8 219 3.983613276586927e+19 5239673772998400.0 173
27 583 0.8 220 4.19460979127192e+16 49182095454720.0 179
27 583 0.8 221 4547987320503600.0 5542915276800.0 180
27 583 0.8 222 5.450916022323343e+16 28980459345024.0 177
27 583 0.8 223 6.516860263241315e+17 835614561426912.0 177
27 583 0.8 224 7.867576539060707e+20 1.5878187132594125e+18 177
27 583 0.8 225 1.9408196880320868e+16 29503299529152.0 178
27 583 0.8 226 515335254385408.0 249106642176.0 175
27 583 0.8 227 4.076159096581971e+17 29287695407040.0 174
27 583 0.8 228 635625360611840.0 521429903104.0 175
27 583 0.8 229 639185601124800.0 240554603520.0 176
27 583 0.8 230 3.146999584773282e+18 3293430312934656.0 176
27 583 0.8 231 8.086138187214207e+17 948979196064000.0 175
27 583 0.8 232 1.5928770711635894e+17 223314885446400.0 177
27 583 0.8 233 1.0408730931244527e+23 1.5728377561452685e+20 173
27 583 0.8 234 3.744264723623966e+20 6.691980564808704e+17 175
27 583 0.8 235 4.305011994786212e+17 369622955593824.0 176
27 583 0.8 236 1.450363823316324e+17 34994344820736.0 175
27 583 0.8 237 800517541203552.0 945452703744.0 179
27 583 0.8 238 1219033174722944.0 165550694400.0 177
27 583 0.8 239 3.2076856575189914e+19 2.538248957168256e+16 176
27 583 0.8 240 5208102715299136.0 4214206993152.0 179
27 583 0.8 241 2.529972111738643e+16 2883096944640.0 176
27 583 0.8 242 3879529805498112.0 3546282240000.0 178
27 583 0.8 243 1637732537881760.0 1569472392960.0 179
27 583 0.8 244 23001705412896.0 7417267200.0 179
27 583 0.8 245 1.260776859002395e+17 169383676939218.0 177
27 583 0.8 246 2.3250141448597123e+19 1.10698342557696e+16 174
27 583 0.8 247 3.1753738082160886e+18 1779516486978048.0 175
27 583 0.8 248 2.948471214990312e+19 5.192842876382294e+16 174
27 583 0.8 249 9497407562800704.0 4797436771584.0 176
27 583 0.8 250 40548480960.0 15724800.0 179
27 583 0.8 251 3.5624368653595904e+18 448781786396640.0 177
27 583 0.8 252 4361026653388800.0 10733617152.0 177
27 583 0.8 253 3.998394595867005e+18 908148547584000.0 176
27 583 0.8 254 1.2981026464934502e+17 22193449279488.0 177
27 583 0.8 255 1.0907790027284017e+18 229206129473664.0 177
27 583 0.8 256 6.483130948047053e+16 53724646268928.0 177
27 583 0.8 257 6949199265355752.0 2524992566976.0 176
27 583 0.8 258 1.178585061215252e+20 2595680395149312.0 172
27 583 0.8 259 6.032929865119884e+18 8517744692079552.0 175
27 583 0.8 260 6.546100241558061e+16 575725363200.0 175
27 583 0.8 261 1.7255064041315085e+18 1632290506413696.0 177
27 583 0.8 262 1.4589246799588992e+16 2732236970624.0 177
27 583 0.8 263 2.2643143430302103e+18 503127903767040.0 176
27 583 0.8 264 3.0639825236046157e+18 3743560768277760.0 176
27 583 0.8 265 257759909297280.0 179055360000.0 179
27 583 0.8 266 3.814251487719078e+16 19289791242240.0 177
27 583 0.8 267 1.1462608993867574e+17 97145258684544.0 175
27 583 0.8 268 5.900286249516618e+17 67546920579072.0 176
27 583 0.8 269 1.1598605190660096e+16 3609529417728.0 176
27 583 0.8 270 1.0460914229494848e+16 1533364162560.0 176
27 583 0.8 271 155164347221408.0 61512061120.0 177
27 583 0.8 272 1.5171429447001178e+18 1715688703904616.0 175
27 583 0.8 273 3.883145641658387e+16 25456369627968.0 176
27 583 0.8 274 1.70715706036955e+17 195563040411600.0 177
27 583 0.8 275 3.836502798814619e+18 4038951223719040.0 177
27 583 0.8 276 26986895582976.0 596865024.0 176
27 583 0.8 277 14369767071840.0 9395188992.0 176
27 583 0.8 278 2.4165973643904e+16 16657823734272.0 177
27 583 0.8 279 503444673870516.0 450220891248.0 180
27 583 0.8 280 1.1652539159073855e+19 1.73949870809088e+16 178
27 583 0.8 281 4.106911960675132e+17 688433425651800.0 177
27 583 0.8 282 6.881880454041298e+16 1762725888.0 173
27 583 0.8 283 1.502564715422304e+19 1.3417922911479552e+16 174
27 583 0.8 284 1.2549004030628544e+17 13046328384768.0 176
27 583 0.8 285 104063113056600.0 21548268000.0 179
27 583 0.8 286 4.500364823494758e+17 360331136395776.0 176
27 583 0.8 287 2.106809637008277e+19 1.5544237404825216e+16 176
27 583 0.8 288 143181160794336.0 52197039360.0 178
27 583 0.8 289 3.5836822180309613e+22 2.6843089526915424e+19 172
27 583 0.8 290 1.849909681450128e+16 1877689900800.0 176
27 583 0.8 291 2614734770688.0 454035456.0 180
27 583 0.8 292 1.1788085785915296e+16 7225249109760.0 176
27 583 0.8 293 5.170170028119625e+19 1450301574339072.0 172
27 583 0.8 294 1.5381746631672864e+17 124923660226272.0 176
27 583 0.8 295 1.5368260538425392e+16 5120180567040.0 178
27 583 0.8 296 1098729001639304.0 127829017344.0 175
27 583 0.8 297 7598302725208320.0 1399680000.0 177
27 583 0.8 298 1.2178582852288114e+20 1.6353950241675264e+17 173
27 583 0.8 299 3.9619154990849197e+17 31177961424000.0 175
27 583 0.8 300 58971585861696.0 34784655360.0 176
27 583 0.8 301 3.6945716020296e+16 720648908800.0 175
27 583 0.8 302 5.53091391771563e+18 5898632727052800.0 174
27 583 0.8 303 110714779481724.0 782565840.0 176
27 583 0.8 304 2.8245536906935622e+17 3582434304000.0 175
27 583 0.8 305 6.344090952668948e+17 25965637226496.0 174
27 583 0.8 306 1.5563642282829832e+18 77002132866912.0 178
27 583 0.8 307 7236993120034400.0 324860419200.0 176
27 583 0.8 308 7.01328153757777e+16 83098891010304.0 176
27 583 0.8 309 713769257624192.0 121096926720.0 177
27 583 0.8 310 1705957630720.0 875888640.0 178
27 583 0.8 311 54489705180960.0 3586012416.0 178
27 583 0.8 312 58284011571840.0 30053779200.0 178
27 583 0.8 313 4.2569130430700385e+18 1452203920016640.0 179
27 583 0.8 314 1.1021732516500386e+19 6794800350842880.0 175
27 583 0.8 315 631818291674436.0 694319850000.0 178
27 583 0.8 316 335763171103392.0 298314619344.0 180
27 583 0.8 317 24508478258352.0 13817640960.0 178
27 583 0.8 318 7.78605805180656e+16 46645210943232.0 177
27 583 0.8 319 2144663645101632.0 291050952192.0 177
27 583 0.8 320 5.150226062576658e+17 370432521768960.0 175
27 583 0.8 321 2.733154734348158e+18 3589323056424192.0 177
27 583 0.8 322 2.086799003643631e+18 916490266026496.0 177
27 583 0.8 323 7.383314764692198e+18 9020781253698528.0 177
27 583 0.8 324 5759518578943472.0 5151558909168.0 175
27 583 0.8 325 3952707831643132.0 534316312008.0 178
27 583 0.8 326 1.0239512086523246e+17 73424097159168.0 175
27 583 0.8 327 2040784193018976.0 1028835194400.0 177
27 583 0.8 328 1.2208595675684294e+16 8292334401488.0 178
27 583 0.8 329 2.4150997643925187e+17 199483675171200.0 176
27 583 0.8 330 9.641082428501586e+17 1214401273505280.0 175
27 583 0.8 331 5.2037946669727375e+19 4.527792821492122e+16 172
27 583 0.8 332 1.667812632804164e+19 1.9032658231006464e+16 174
27 583 0.8 333 1.2030186330652512e+16 13161475423872.0 176
27 583 0.8 334 2.444974822887556e+17 77704767258624.0 176
27 583 0.8 335 153691471325700.0 99287974800.0 177
27 583 0.8 336 2.236371652096649e+18 1706924322458752.0 175
27 583 0.8 337 138509575400.0 180253920.0 183
27 583 0.8 338 2.8688771487177425e+19 3.78540855941472e+16 175
27 583 0.8 339 2.7299593155642476e+18 1041321205859328.0 175
27 583 0.8 340 2.90767400729803e+19 3.151812469374144e+16 174
27 583 0.8 341 1.1909167727420634e+18 1574621842617600.0 176
27 583 0.8 342 3347405823789184.0 3378479892480.0 176
27 583 0.8 343 1.6726774973941492e+19 2.1434258745751296e+16 174
27 583 0.8 344 1.9886489821498767e+21 2.2178083124815524e+18 173
27 583 0.8 345 1.561827877693205e+17 104795949058560.0 176
27 583 0.8 346 36327258280960.0 13076963328.0 177
27 583 0.8 347 1.196570964552064e+18 711429267648000.0 173
27 583 0.8 348 1.7553868686741965e+19 2.0712321877562256e+16 176
27 583 0.8 349 2.892187183938364e+23 4.630401347671666e+20 173
27 583 0.8 350 4.924408854741509e+19 2.031927881461632e+16 174
27 583 0.8 351 1.070059229002358e+17 988942289280.0 175
27 583 0.8 352 8.579134283791956e+17 842847760095680.0 175
27 583 0.8 353 1.102487636083846e+19 1.5163824061264608e+16 175
27 583 0.8 354 3.1989734828075936e+16 2558562633216.0 174
27 583 0.8 355 1.953349316896704e+17 17657093376000.0 176
27 583 0.8 356 916574575472384.0 947117058048.0 178
27 583 0.8 357 7.083586229589437e+16 18576500774400.0 177
27 583 0.8 358 4133517666941136.0 1788425006400.0 176
27 583 0.8 359 3.1050606783492404e+20 3.854856595339469e+17 174
27 583 0.8 360 1386035139007488.0 232917092352.0 176
27 583 0.8 361 165522004488.0 19740672.0 181
27 583 0.8 362 3.849315797618544e+16 31021231659904.0 176
27 583 0.8 363 737221135184496.0 5748652800.0 177
27 583 0.8 364 844995965809920.0 285800448000.0 176
27 583 0.8 365 1.6457440500815816e+22 2.674516517423738e+19 175
27 583 0.8 366 5.342865640276042e+17 687353701595040.0 179
27 583 0.8 367 1.24787552990539e+19 6659356438987200.0 172
27 583 0.8 368 825909928779264.0 318919800960.0 176
27 583 0.8 369 3.827431282862118e+18 154604173981408.0 176
27 583 0.8 370 1.991261777054994e+16 4004506466640.0 176
27 583 0.8 371 2.7598296310015258e+17 193242023083008.0 175
27 583 0.8 372 1.1786456605970648e+20 6.648746126031302e+16 172
27 583 0.8 373 1.2238048531870577e+18 1413117374715648.0 177
27 583 0.8 374 3.4199794590826554e+21 5.529181595408208e+18 174
27 583 0.8 375 8.729736724938664e+19 8.31516559950848e+16 176
27 583 0.8 376 1.0566000363899594e+18 976874240406528.0 175
27 583 0.8 377 8902652909095776.0 1043435520.0 174
27 583 0.8 378 1.0730212052107444e+20 1.236881294447652e+17 174
27 583 0.8 379 633129188796624.0 2785985280.0 174
27 583 0.8 380 1.1043541550123568e+16 5864147767296.0 176
27 583 0.8 381 2625155726229714.0 2425837969440.0 177
27 583 0.8 382 8.22678650281129e+17 1062389903431104.0 176
27 583 0.8 383 31698548792832.0 11215411200.0 176
27 583 0.8 384 1.3851096330158907e+19 31800729600.0 174
27 583 0.8 385 2.3133482420254732e+19 7114520279834880.0 176
27 583 0.8 386 6.598319937879051e+18 1301468362936800.0 173
27 583 0.8 387 1.1835534530390784e+16 15216939710208.0 180
27 583 0.8 388 9.271699438271731e+16 146006169753600.0 176
27 583 0.8 389 7.831352135138277e+18 1.2355300978693416e+16 177
27 583 0.8 390 6.935931877892198e+17 918679781376000.0 177
27 583 0.8 391 3.07381124767968e+17 70956103680000.0 178
27 583 0.8 392 2.2353903691211133e+18 3365519365365120.0 177
27 583 0.8 393 9.795105018721269e+19 1.044486672708832e+17 173
27 583 0.8 394 5.680581374364146e+18 229651526592000.0 175
27 583 0.8 395 7478022843402520.0 619968299136.0 178
27 583 0.8 396 2.699225871240298e+21 3.6957940390657004e+18 174
27 583 0.8 397 2.0020832297308749e+21 2.0804118692666496e+18 175
27 583 0.8 398 2.2313488464152064e+16 39442681036800.0 179
27 583 0.8 399 2.1116338591417344e+16 2794006325760.0 175
27 583 0.8 400 2.6269714152209184e+16 21638240121600.0 176
27 583 0.8 401 2.420899137882332e+17 20173150126080.0 178
27 583 0.8 402 5.783341809403812e+17 575744818336128.0 178
27 583 0.8 403 2.9541108080413896e+18 2605614007733784.0 176
27 583 0.8 404 1.4995566875012104e+19 1384164111986688.0 173
27 583 0.8 405 1.9811369599640404e+18 1165796250627712.0 172
27 583 0.8 406 345697814030208.0 3323289600.0 176
27 583 0.8 407 5.622510319984049e+19 8.100758426095872e+16 175
27 583 0.8 408 5.526233085919622e+16 52569472894848.0 177
27 583 0.8 409 1.28536024564872e+16 2240871095088.0 176
27 583 0.8 410 1.8902213301120192e+18 2084020499369600.0 175
27 583 0.8 411 1.0005632437143385e+20 6.830502728682634e+16 174
27 583 0.8 412 1.102733304167474e+17 69128294901120.0 175
27 583 0.8 413 1227264215232.0 677020160.0 178
27 583 0.8 414 5.4946978300516136e+16 6553299931008.0 173
27 583 0.8 415 5076661614580192.0 983617843584.0 176
27 583 0.8 416 224426332350160.0 43823931840.0 176
27 583 0.8 417 1.0483693691708291e+19 755281884672000.0 175
27 583 0.8 418 6.012589475604329e+17 616269046338816.0 177
27 583 0.8 419 41543061110784.0 20098990080.0 178
27 583 0.8 420 1.3828436393363904e+17 50428119859200.0 175
27 583 0.8 421 1.484488351503168e+16 4224729600.0 178
27 583 0.8 422 3.990322260470231e+17 332339132362752.0 175
27 583 0.8 423 5.409478689979943e+18 4096753506775296.0 174
27 583 0.8 424 2.711437250817093e+17 339433617346560.0 175
27 583 0.8 425 347867522639808.0 7736832000.0 178
27 583 0.8 426 1.1418315140173082e+18 1470212969594880.0 178
27 583 0.8 427 3.017555138986688e+17 341884168878816.0 177
27 583 0.8 428 3.3471493979998414e+21 4.891984763248681e+18 174
27 583 0.8 429 6.718581258401587e+17 539742664581120.0 175
27 583 0.8 430 2441657633050080.0 356938765344.0 176
27 583 0.8 431 2.4657759152285153e+18 550710123249648.0 175
27 583 0.8 432 3.2641987291404416e+18 4060214853902180.0 173
27 583 0.8 433 1.3962068734892278e+18 472449301747200.0 177
27 583 0.8 434 2.0990624166746179e+18 2202481107695616.0 175
27 583 0.8 435 2.8581645669992687e+20 3.536561686848227e+17 173
27 583 0.8 436 7435898705157120.0 872647686144.0 175
27 583 0.8 437 3.87401359062839e+16 17087371200000.0 177
27 583 0.8 438 2.9287848689109504e+17 54599975276544.0 174
27 583 0.8 439 6.537064524962757e+18 6562753312456704.0 173
27 583 0.8 440 6943538894486016.0 8591710887936.0 179
27 583 0.8 441 1.586026221015549e+17 59249361353472.0 175
27 583 0.8 442 3.049205488113116e+20 3.687667323773781e+17 172
27 583 0.8 443 2.827223101720459e+16 10202279774976.0 175
27 583 0.8 444 5.2178472500935386e+17 493546528624896.0 176
27 583 0.8 445 9.84478581473458e+18 8786965234125696.0 174
27 583 0.8 446 6.788486655946596e+18 7075478314487232.0 174
27 583 0.8 447 6.841316486364526e+17 588111834220752.0 176
27 583 0.8 448 7.303538957098932e+18 1766099095004160.0 175
27 583 0.8 449 4.248461320710512e+18 4544990329736192.0 173
27 583 0.8 450 1.2850407938567643e+19 527615498730240.0 174
27 583 0.8 451 1.0049819485905414e+20 6.719645377935226e+16 173
27 583 0.8 452 1.1608761329887169e+19 507769706271744.0 176
27 583 0.8 453 129168165567264.0 9175928832.0 178
27 583 0.8 454 3.639735040929851e+17 233958217017600.0 175
27 583 0.8 455 6.988804696912875e+19 3.2995107618857664e+16 173
27 583 0.8 456 4.4230972715576673e+18 6746492953871616.0 175
27 583 0.8 457 1.5739989880339763e+17 101826750927528.0 175
27 583 0.8 458 1054597573088640.0 1353823994880.0 176
27 583 0.8 459 1.3984526696981311e+19 6821054712860976.0 175
27 583 0.8 460 1.8764192471702966e+19 3214850167330560.0 177
27 583 0.8 461 4.164841635437912e+16 30449174045664.0 176
27 583 0.8 462 2.612821468023129e+19 3.837863676483994e+16 176
27 583 0.8 463 829683545711616.0 616032103680.0 179
27 583 0.8 464 1.2321094791478077e+18 984975659318912.0 174
27 583 0.8 465 2.772628627833905e+18 1574893451124160.0 172
27 583 0.8 466 9.44529103660212e+18 1.0742006616699136e+16 176
27 583 0.8 467 5.996085705090288e+16 52782133096128.0 178
27 583 0.8 468 7.452805482792673e+19 7205139980864640.0 175
27 583 0.8 469 6.747196182965815e+18 231457870448640.0 175
27 583 0.8 470 3.4225379500345524e+16 34196588260704.0 177
27 583 0.8 471 8.339091904610696e+17 1229964742002240.0 177
27 583 0.8 472 1.388157562511681e+18 727954673467392.0 175
27 583 0.8 473 828475499668608.0 105386344448.0 177
27 583 0.8 474 256285721447016.0 207536274720.0 178
27 583 0.8 475 7806783996969696.0 2268785761020.0 176
27 583 0.8 476 6.58019082300066e+18 6594129990180864.0 175
27 583 0.8 477 2.1566604285117098e+17 254044969796016.0 176
27 583 0.8 478 1314466169330400.0 124265003520.0 176
27 583 0.8 479 7768265097888.0 7147146240.0 178
27 583 0.8 480 2.009537682439792e+18 69191226224640.0 177
27 583 0.8 481 3962593539031680.0 5196879959040.0 177
27 583 0.8 482 9.860409501788977e+18 1.0551955152576e+16 174
27 583 0.8 483 1.1849473265394598e+19 1.6226039212984368e+16 177
27 583 0.8 484 3070059574570560.0 2496153252096.0 176
27 583 0.8 485 4.22750933702802e+17 350780325989760.0 174
27 583 0.8 486 4.293114985898865e+19 9264335548052736.0 175
27 583 0.8 487 1.3299747105457152e+16 10898687655936.0 177
27 583 0.8 488 1.1507725305369072e+16 722135520000.0 177
27 583 0.8 489 2.7891111437832563e+17 87530013588480.0 175
27 583 0.8 490 1.2090696779411869e+20 1.508948233302434e+17 175
27 583 0.8 491 6.3867434361028776e+22 3.0136080153166836e+19 172
27 583 0.8 492 3.417260057489323e+16 33563534168160.0 178
27 583 0.8 493 2.0682030243836042e+18 2716756862957760.0 177
27 583 0.8 494 1.8851286370455716e+19 1.6939623614268672e+16 175
27 583 0.8 495 3.1021491175569574e+17 348966859723776.0 173
27 583 0.8 496 2.6004616846601008e+20 2.3267637786673152e+17 172
27 583 0.8 497 5.5586382981938234e+17 260492983902912.0 174
27 583 0.8 498 8.806936058766062e+16 2607366661632.0 173
27 583 0.8 499 425162116727952.0 98666069760.0 179
27 583 0.8 500 1326082627247448.0 471748307200.0 177
27 583 0.8 501 3.57901756517304e14 4.0449010176e11 179
27 583 0.8 502 4.585020724397521e18 5.415845078514816e15 173
27 583 0.8 503 8.940666005231757e17 8.52650072785392e14 175
27 583 0.8 504 4.3977578979893637e18 4.379759280314016e15 173
27 583 0.8 505 1.7687700639496e14 4.935336e9 179
27 583 0.8 506 5.551212923712e13 2.8506816e9 177
27 583 0.8 507 1.7852167367114578e18 1.8844356286272e15 176
27 583 0.8 508 5.721272194883912e15 3.52701113184e12 178
27 583 0.8 509 1.5430234370194253e17 8.757680545152e13 179
27 583 0.8 510 5.208552785514816e15 2.22201004032e12 176
27 583 0.8 511 1.049666104373712e16 3.5884995264e12 175
27 583 0.8 512 1.403426071031568e15 1.035271014624e12 178
27 583 0.8 513 4.537371814710964e17 6.48371505410496e14 178
27 583 0.8 514 5.8913111913984e13 8.335872e7 178
27 583 0.8 515 5.895407408130491e19 8.875124258886144e15 173
27 583 0.8 516 1.5481492540978736e22 2.1152418030324412e19 174
27 583 0.8 517 1.4021243175232389e20 1.6046678812122125e17 176
27 583 0.8 518 1.545276216164832e15 7.07516171712e11 177
27 583 0.8 519 1.0042442871980627e21 1.5649907197746708e18 173
27 583 0.8 520 1.9465583123396873e20 2.89502391430732e17 176
27 583 0.8 521 1.2592074748861635e19 1.9131153205248e16 178
27 583 0.8 522 3.250245716338173e17 4.924315136376e14 177
27 583 0.8 523 2.4438588531474122e17 2.68759080615168e14 177
27 583 0.8 524 1.2195028864884886e23 2.9084497039491927e20 177
27 583 0.8 525 2.967482462201472e16 5.09105000448e12 175
27 583 0.8 526 2.16821994461224e19 2.740856986091981e16 176
27 583 0.8 527 7.167907523157984e15 2.07463182336e12 175
27 583 0.8 528 2.1624789425186443e19 2.166208423374848e16 174
27 583 0.8 529 1.0883616676688146e19 5.189823312258048e15 176
27 583 0.8 530 1.300257580714791e15 1.2921654159e12 178
27 583 0.8 531 7.64651760505008e14 9.8971819848e11 179
27 583 0.8 532 3.681055856204536e16 7.951126640384e12 175
27 583 0.8 533 7.40577980811498e17 4.80138484991168e14 176
27 583 0.8 534 9.748825698274885e17 3.392001294956e14 174
27 583 0.8 535 9.97773653969718e17 9.70009664495616e14 174
27 583 0.8 536 2.4653299112963625e18 1.66944202676772e15 178
27 583 0.8 537 5.910678506051415e18 6.367110114009312e15 174
27 583 0.8 538 3.221803286397406e19 2.816919234632448e16 175
27 583 0.8 539 8.457350197192362e16 7.8600351380736e13 176
27 583 0.8 540 1.1087021818988237e17 1.45481747053248e14 178
27 583 0.8 541 8.019277599744e13 3.585835008e10 176
27 583 0.8 542 4.091939351620465e19 4.911418524841706e16 174
27 583 0.8 543 9.351529382898147e19 3.729137229237312e16 176
27 583 0.8 544 6.88212829489454e17 3.095738079552e14 174
27 583 0.8 545 5.593776966019251e16 1.915920384e12 173
27 583 0.8 546 1.465008054542304e16 4.23567304704e12 177
27 583 0.8 547 5.102848970645222e16 5.996519672832e13 175
27 583 0.8 548 1.2614752804016271e18 2.8340471808e13 173
27 583 0.8 549 5.079002224319081e18 5.48673317004672e15 176
27 583 0.8 550 3.392561904491529e17 1.8166899669504e13 176
27 583 0.8 551 4.584249350460222e17 6.22509223228416e14 177
27 583 0.8 552 4.338952751091796e19 6.729454943290176e16 177
27 583 0.8 553 6.991176142656e12 5.617055808e9 181
27 583 0.8 554 1.2810575185780363e17 1.03129453531008e14 173
27 583 0.8 555 1.9167424566387114e19 1.17370292744448e16 171
27 583 0.8 556 4.265237207147572e18 6.99795079467264e15 176
27 583 0.8 557 3.2507223867927573e20 3.649752817748278e17 174
27 583 0.8 558 3.130074399173952e16 7.14001784832e12 178
27 583 0.8 559 1.0028393818298712e19 1.510230459253248e16 176
27 583 0.8 560 3.8571802466982445e17 3.53350445318144e14 176
27 583 0.8 561 9.891768085924133e16 1.08303064880832e14 177
27 583 0.8 562 9.281013679989984e15 1.0921413415296e13 177
27 583 0.8 563 1.34385155948328e14 1.589732352e10 179
27 583 0.8 564 1.69963155287592e15 8.654672736e11 179
27 583 0.8 565 2.473034992789136e15 2.816323148352e12 178
27 583 0.8 566 4.271475491163981e16 3.0090068146176e13 175
27 583 0.8 567 7.063436829852085e16 1.22565711937536e14 178
27 583 0.8 568 5.234347683575165e16 6.2466794535168e13 178
27 583 0.8 569 1.851969333211458e19 1.9715691512991744e16 175
27 583 0.8 570 1.2313141283661734e19 1.0337589664577664e16 175
27 583 0.8 571 1.4715223805768397e17 5.8601834260848e13 175
27 583 0.8 572 1.665195190943333e17 1.88586017273088e14 176
27 583 0.8 573 9.753656582766981e16 2.79889516893e13 175
27 583 0.8 574 7.704547118564319e18 4.923052034022144e15 177
27 583 0.8 575 3.797567085255905e17 5.36165959378176e14 177
27 583 0.8 576 2.836859895723921e15 2.7603990342e11 176
27 583 0.8 577 5.2091763902112e13 4.59347328e10 178
27 583 0.8 578 4.786953591652769e20 7.670212573708947e17 175
27 583 0.8 579 3.5350047099400646e17 5.9489759232e13 175
27 583 0.8 580 5.00446521468e14 6.6547616256e10 176
27 583 0.8 581 4.426427104847654e16 2.21868694016e13 176
27 583 0.8 582 3.272126561192268e16 3.3243296812416e13 178
27 583 0.8 583 2.69374237456504e20 2.064944138364484e17 174
27 583 0.8 584 7.699746016938141e19 5.860586358728064e16 174
27 583 0.8 585 9.496781650229423e17 4.193105518638e13 172
27 583 0.8 586 3.564035470603439e17 9.492350693568e13 175
27 583 0.8 587 2.784508121057856e15 9.04783191552e11 174
27 583 0.8 588 1.6354636187826856e19 4.02740948280816e15 175
27 583 0.8 589 4.888066879393738e16 4.0435401162432e13 176
27 583 0.8 590 2.13066054426412e15 1.495806393792e12 175
27 583 0.8 591 4.197275141845851e20 6.373147333239283e17 174
27 583 0.8 592 3.7851125689823306e19 2.295024408274944e15 173
27 583 0.8 593 1.9157879619026898e20 1.5136984504512e16 174
27 583 0.8 594 8.30522885568192e14 1.8505262592e11 177
27 583 0.8 595 7.691000284567872e15 6.55806866976e12 176
27 583 0.8 596 2.814112591752833e18 1.8612674983872e15 175
27 583 0.8 597 5.68042517162401e17 7.342589288448e14 176
27 583 0.8 598 2.266137946126952e16 9.93955264896e12 175
27 583 0.8 599 2.0408315265788416e16 7.214151168e11 172
27 583 0.8 600 2.0539877023924367e19 2.1536216773767744e16 174
27 583 0.8 601 1.8650507624630354e18 3.1427485154496e13 174
27 583 0.8 602 2.513497006689617e16 5.349589056e10 176
27 583 0.8 603 7.623486201505069e16 6.255868071648e13 175
27 583 0.8 604 4.0678474061788326e17 1.236132936288e14 175
27 583 0.8 605 1.1305937559382316e16 8.829766788432e12 179
27 583 0.8 606 1.2806302245243398e21 1.1223413936219209e18 173
27 583 0.8 607 1.01358503322836e22 1.2422949929674031e19 173
27 583 0.8 608 1.607415674410322e17 1.03891689925632e14 177
27 583 0.8 609 1.4379309410385845e20 1.1807769532978598e17 175
27 583 0.8 610 3.680853675429568e15 1.46783997072e12 176
27 583 0.8 611 4.057807306732992e15 2.794881024e12 177
27 583 0.8 612 2.1403255667967437e17 6.91981000704e12 174
27 583 0.8 613 2.613383835997637e18 1.412649062953808e15 174
27 583 0.8 614 8.805263053825208e21 9.293076359221271e17 172
27 583 0.8 615 7.17533616554932e17 8.67743139456e13 176
27 583 0.8 616 1.36867814764416e14 2.061542016e9 178
27 583 0.8 617 1.879302668605581e18 3.45904934631168e14 174
27 583 0.8 618 2.8299058191402596e21 5.21902451340902e18 174
27 583 0.8 619 4.4613426483428824e16 2.0357905710272e13 174
27 583 0.8 620 1.7318388246191342e18 8.8587519405264e14 175
27 583 0.8 621 1.2807741268925788e19 1.380565992236544e16 175
27 583 0.8 622 4.379485951716006e20 7.56811067944896e17 176
27 583 0.8 623 4.65084230215433e16 2.613405861408e13 178
27 583 0.8 624 4.29521592e9 681600.0 181
27 583 0.8 625 5.5309910529024e14 4.2343354368e11 177
27 583 0.8 626 1.89546878804958e15 1.29464421696e12 176
27 583 0.8 627 1.0921966094711808e16 1.693627445664e12 176
27 583 0.8 628 2.4989303749933494e19 1.235249011578192e15 174
27 583 0.8 629 4.3179903727885206e19 2.4896296383202116e16 174
27 583 0.8 630 7.32189461377536e14 4.5519086592e11 175
27 583 0.8 631 8.393342089511336e17 6.3293597734104e14 175
27 583 0.8 632 1.1519926649448e14 7.951558032e10 179
27 583 0.8 633 3.8965750036267745e19 5.303333418159744e16 177
27 583 0.8 634 2.328468073675524e15 3.66672779754e12 180
27 583 0.8 635 1.3661936328810376e18 9.1915458044928e13 178
27 583 0.8 636 4.715074849474065e18 5.34102661057536e15 176
27 583 0.8 637 2.002704990153792e15 6.8405872896e11 177
27 583 0.8 638 7.80633445488e12 2.322432e9 177
27 583 0.8 639 2.38977723107737e20 2.428940828676096e15 174
27 583 0.8 640 6.169318515336832e15 5.6144404992e11 177
27 583 0.8 641 6.726158833176094e20 6.791049847628134e16 176
27 583 0.8 642 1.893824062951805e16 2.353305526272e12 175
27 583 0.8 643 1.686070928224947e21 2.381804569067968e17 175
27 583 0.8 644 1.0772378875701774e18 2.3620201903104e14 175
27 583 0.8 645 7.485980138496e12 1.35880704e9 177
27 583 0.8 646 4.166876786324608e16 5.24579918976e13 176
27 583 0.8 647 4.923262021530259e18 3.740493967278258e15 175
27 583 0.8 648 2.2755719003556252e16 1.25413782688e13 175
27 583 0.8 649 8.671006114750806e16 1.2212418621312e13 176
27 583 0.8 650 7.224685046546266e16 4.7469906620928e13 177
27 583 0.8 651 1.15485767283456e14 3.41397504e10 178
27 583 0.8 652 1.553371372008e14 2.12544e8 176
27 583 0.8 653 2.8616180625049354e18 3.311537625578376e15 177
27 583 0.8 654 2.4793191510788874e18 4.62025352484864e14 173
27 583 0.8 655 1.06808551038464e15 9.7545984e8 176
27 583 0.8 656 6.037404291184939e18 4.26867638562816e15 175
27 583 0.8 657 2.954523697033024e15 5.46383442688e11 178
27 583 0.8 658 8.17860407772576e14 6.4444875264e11 176
27 583 0.8 659 5.6627882176176e13 2.71724544e10 178
27 583 0.8 660 3.03290410222656e14 1.4045993856e11 178
27 583 0.8 661 3.740855629573469e16 1.007614370424e13 175
27 583 0.8 662 1.1606091907356876e21 4.064697258435721e17 173
27 583 0.8 663 3.305955772648867e17 3.7715222676672e14 176
27 583 0.8 664 2.6648369262314265e20 1.1081198450741424e17 172
27 583 0.8 665 2.145339421262388e15 2.13484168512e12 179
27 583 0.8 666 2.1894730294848e13 3.523474944e9 179
27 583 0.8 667 1.6895265204688896e16 7.785311256576e12 175
27 583 0.8 668 2.543935278603979e17 8.3231261904384e13 175
27 583 0.8 669 1.578288059447136e15 9.502304832e11 179
27 583 0.8 670 6.99774519050496e14 1.8166726656e11 174
27 583 0.8 671 1.3350574714312492e21 1.7302106952105247e18 174
27 583 0.8 672 1.900146763923181e20 2.6308346478416768e17 174
27 583 0.8 673 2.5021460948739683e17 1.8171105202888e14 177
27 583 0.8 674 3.2232368693142946e20 4.1422691244681216e17 173
27 583 0.8 675 4.635948647841144e20 3.65886290681174e17 172
27 583 0.8 676 5.539481832914078e19 8.611403855288218e16 177
27 583 0.8 677 1.1760931558872277e19 8.445554492252076e15 175
27 583 0.8 678 5.0294721529496e18 3.59406203855616e15 174
27 583 0.8 679 1.329730534358781e18 2.1068648653692e15 179
27 583 0.8 680 4.476316514440032e15 3.36594556512e12 177
27 583 0.8 681 1.2718220936064e13 4.97806848e8 176
27 583 0.8 682 2.0799234355142556e16 2.3382759284064e13 181
27 583 0.8 683 7.50601152089472e14 7.2549436608e11 179
27 583 0.8 684 3.374437478508608e18 4.30568530735536e15 176
27 583 0.8 685 4.826174129308399e18 2.79884982816e14 173
27 583 0.8 686 2.8725392217174922e17 1.73088292755312e14 172
27 583 0.8 687 1.8379659727804886e17 9.0717356519424e13 177
27 583 0.8 688 4.914955109528595e18 5.52078815129424e15 174
27 583 0.8 689 1.0905532228103192e18 7.60604179262976e14 176
27 583 0.8 690 6.71023102303824e16 2.90088274752e13 178
27 583 0.8 691 2.580993119176979e18 9.26390955172176e14 175
27 583 0.8 692 3.425524698306604e19 4.765260723349248e16 175
27 583 0.8 693 1.55976999246028e17 8.0140164806592e13 174
27 583 0.8 694 5.710424123366277e17 5.1957055488e12 175
27 583 0.8 695 2.6923394316326304e16 9.6154611072e11 175
27 583 0.8 696 1.6461786308037536e16 2.41458610176e11 175
27 583 0.8 697 1.80263591196984e14 1.9483633792e11 178
27 583 0.8 698 1.1075169443057757e18 5.99071317769728e14 176
27 583 0.8 699 2.45503144259018e18 2.235051492539904e15 174
27 583 0.8 700 1.1173571137727319e18 1.074914012823552e15 175
27 583 0.8 701 1.94489228664e11 1.499904e8 179
27 583 0.8 702 1.1125307131676403e18 1.651079180531088e15 176
27 583 0.8 703 2.6763251722683158e17 1.58541295993344e14 175
27 583 0.8 704 1.0125898523136e13 7.08323328e9 179
27 583 0.8 705 1.0606321500086871e18 8.47220188667904e14 175
27 583 0.8 706 2.178469620089856e15 1.839031713792e12 177
27 583 0.8 707 3.96441601338432e15 7.35204175616e11 176
27 583 0.8 708 1.9967225729609693e21 3.383483421847667e18 175
27 583 0.8 709 1.3298624835744e14 3.4537992192e10 177
27 583 0.8 710 3.117125471047936e15 4.01403518208e12 179
27 583 0.8 711 1.735599451144e14 6.0145607808e10 177
27 583 0.8 712 4.0786591403230976e18 9.43399205646336e14 175
27 583 0.8 713 3.9564767300621307e18 4.474805661969216e15 174
27 583 0.8 714 6.68937247643744e15 6.1669353984e12 177
27 583 0.8 715 2.13108594824574e16 2.1818571222528e13 177
27 583 0.8 716 4.452713281603881e17 5.1048377146368e14 177
27 583 0.8 717 8.108475030554475e20 2.05221204229545e17 175
27 583 0.8 718 8.85956495074386e16 3.5539536e11 176
27 583 0.8 719 3.8470943179136e13 3.479702016e10 178
27 583 0.8 720 6.679478909017278e16 8.080468060992e13 178
27 583 0.8 721 3.495423344317685e18 7.42882163747328e14 173
27 583 0.8 722 1.08214419094596e15 1.37759087232e12 179
27 583 0.8 723 2.215940611225037e16 3.5584926953472e13 179
27 583 0.8 724 3.681949920986866e19 4.040236749494016e16 174
27 583 0.8 725 6.20908885673664e17 2.19178966825984e14 176
27 583 0.8 726 7.164958175002899e16 6.74970760704e13 175
27 583 0.8 727 2.0996434276920406e19 2.196012837883392e16 174
27 583 0.8 728 5.3809786414188e15 5.258017152e12 176
27 583 0.8 729 5.852862401321718e16 5.7742490495592e13 175
27 583 0.8 730 4.250189501205682e16 4.732219222848e13 177
27 583 0.8 731 5.846337488682834e17 2.870600518656e13 176
27 583 0.8 732 1.7958823955959814e19 3.043221405591965e16 176
27 583 0.8 733 4.620127123037215e17 1.47481555544064e14 176
27 583 0.8 734 2.4613569838953594e17 3.43112961010176e14 177
27 583 0.8 735 1.4038944863157264e17 1.97511675708352e14 177
27 583 0.8 736 7.709646389001626e16 4.811443273728e13 177
27 583 0.8 737 3.4926259910897546e18 7.3604986755552e14 175
27 583 0.8 738 1.0378982057434e13 1.175194548e9 176
27 583 0.8 739 2.3303046394197025e19 3.55231493065152e16 176
27 583 0.8 740 6.25940452473264e15 6.7458521088e11 175
27 583 0.8 741 1.2447196561947082e17 4.23674435184e12 176
27 583 0.8 742 2.36258548983912e15 3.981312e10 176
27 583 0.8 743 9.800526844046774e18 1.2731862210124224e16 173
27 583 0.8 744 1.23430659072e13 3.347841024e9 176
27 583 0.8 745 1.220792347752813e18 1.009925758461312e15 177
27 583 0.8 746 6.380316846193373e16 1.893083465664e13 175
27 583 0.8 747 3.9808807956743664e20 5.910596888816151e17 174
27 583 0.8 748 1.0902909082766836e21 9.637976684462803e16 170
27 583 0.8 749 3.212462016997495e17 4.7361536220672e14 178
27 583 0.8 750 7.53787088307242e19 4.212369792681523e16 173
27 583 0.8 751 3.8637327270329446e17 4.2197611622202e14 176
27 583 0.8 752 3.754656560858431e19 5.896660887651222e16 176
27 583 0.8 753 3.8587626359026217e18 3.906388803808512e15 174
27 583 0.8 754 9.354734402867325e21 1.4366798260489593e19 175
27 583 0.8 755 6.147761453369472e16 4.712256211968e13 177
27 583 0.8 756 3.477272724044742e21 2.5138763827581117e18 171
27 583 0.8 757 1.4873379055273342e20 6.73729166784361e16 173
27 583 0.8 758 5.404721257632e12 2.4751872e8 174
27 583 0.8 759 2.536399508802989e16 6.1873778304e11 175
27 583 0.8 760 5.134489313637694e19 4.80917633857584e16 175
27 583 0.8 761 9.353680500148782e16 1.0738480729392e14 176
27 583 0.8 762 1.170967284578952e15 2.21232384e11 178
27 583 0.8 763 1.2972408406344416e16 6.68912631552e11 175
27 583 0.8 764 3.155233338310143e20 1.6396508991071194e17 172
27 583 0.8 765 6.97682125200361e16 1.05538788e13 177
27 583 0.8 766 3.033778347860365e18 1.08683592764256e14 175
27 583 0.8 767 1.964213410654261e21 2.0938282545971098e18 173
27 583 0.8 768 1.7713519178874912e16 2.90043972864e13 180
27 583 0.8 769 1.177955911826402e17 8.0655658702848e13 176
27 583 0.8 770 4.35769782538608e14 4.4622390528e10 177
27 583 0.8 771 1.28098841987844e14 1.01624871744e11 176
27 583 0.8 772 1.083025866942e14 9.944856e10 180
27 583 0.8 773 8.110289476019149e21 1.3418971281657125e19 174
27 583 0.8 774 1.209113805217065e19 3.84974737053696e15 174
27 583 0.8 775 1.579566183573096e15 8.40572983296e11 176
27 583 0.8 776 1.45882974706236e14 7.8149546496e10 180
27 583 0.8 777 2.2308402103653696e16 1.000931516928e13 177
27 583 0.8 778 4.0695747452172e13 2.196593856e10 181
27 583 0.8 779 6.282649400434195e18 6.860878159616352e15 176
27 583 0.8 780 7.581656928377395e16 3.3669974790144e13 175
27 583 0.8 781 2.8328478565026096e16 2.0841934944e12 175
27 583 0.8 782 4.528785050097408e15 4.7083897728e12 180
27 583 0.8 783 5.2239004174152e13 2.8796378688e10 177
27 583 0.8 784 3.956254449943224e15 2.3228827776e11 177
27 583 0.8 785 2.7704419997184e13 1.107800064e10 180
27 583 0.8 786 1.4820410558420513e19 1.3983217578403016e16 174
27 583 0.8 787 2.6850323460163656e18 5.8894425216e13 175
27 583 0.8 788 2.968938123531456e15 771456.0 174
27 583 0.8 789 2.94714689728752e15 3.367305735264e12 177
27 583 0.8 790 8.438022672275411e16 1.024200474234e14 177
27 583 0.8 791 1.525992210615688e21 1.4254109518756977e18 173
27 583 0.8 792 1.2837437589160556e18 1.225807101886464e15 176
27 583 0.8 793 1.515900854193774e21 2.734357854861082e18 175
27 583 0.8 794 3.4796861388152745e18 1.669231632642048e15 174
27 583 0.8 795 2.727677282907213e18 3.006984207604944e15 175
27 583 0.8 796 1.4772581791789766e17 1.5527932789248e14 175
27 583 0.8 797 1.6797925908700746e21 2.2698323541909504e16 173
27 583 0.8 798 2.0415545282962944e16 6.4120289472e12 174
27 583 0.8 799 8.002776479549174e18 2.035525000992e15 173
27 583 0.8 800 3.549906992853288e20 4.192840388825501e17 172
27 583 0.8 801 1.4896077268057018e20 1.1028947673332779e17 174
27 583 0.8 802 3.741790797245088e15 3.0832990848e11 178
27 583 0.8 803 2.0726559968053084e20 1.1849110856660947e17 173
27 583 0.8 804 7.268313342895337e17 8.50226963584512e14 175
27 583 0.8 805 1.3085044098711368e17 3.58801777008e12 176
27 583 0.8 806 1.1144446786614272e19 1.2731902662144e13 172
27 583 0.8 807 1.5804921370152403e17 2.0531965394304e14 177
27 583 0.8 808 2.54998121999392e15 2.63276593536e12 176
27 583 0.8 809 4.8387001972147866e17 4.48315564023648e14 174
27 583 0.8 810 4.4789840701399174e21 5.438003784639853e18 174
27 583 0.8 811 1.0556257009419078e18 6.19632011904e13 174
27 583 0.8 812 4.481928449922451e18 1.30535526674592e14 176
27 583 0.8 813 3.0458967471582656e17 3.37099616386976e14 176
27 583 0.8 814 3.795233107474138e18 3.113659827946368e15 174
27 583 0.8 815 3.700202584389856e15 3.185942085888e12 176
27 583 0.8 816 4.4342952801745434e17 5.07057830043648e14 175
27 583 0.8 817 2.5933600905984e14 5.83446528e9 176
27 583 0.8 818 1.503810941875952e15 5.6567008512e11 176
27 583 0.8 819 3.39204301422768e14 1.1252812032e11 176
27 583 0.8 820 1.1198950952430256e16 2.4993428544e12 177
27 583 0.8 821 6.9270349162752e13 1.2730673664e10 177
27 583 0.8 822 2.45624933049648e14 3.1160118528e11 180
27 583 0.8 823 5.454441424793815e17 5.1700208246784e14 174
27 583 0.8 824 5.863869223011482e17 8.14802753484e13 174
27 583 0.8 825 2.054354855598e13 4.34122416e9 179
27 583 0.8 826 4.752774777188489e18 4.676643184807008e15 175
27 583 0.8 827 3.352152727069272e16 3.046348990944e13 176
27 583 0.8 828 3.44026641037296e14 1.51519104e8 173
27 583 0.8 829 1.6388456823472668e18 2.099158233233912e15 177
27 583 0.8 830 8.062209864141408e15 1.0310348736e12 176
27 583 0.8 831 5.98083899618064e15 5.91225264e12 180
27 583 0.8 832 5.939845434348312e15 1.67063997312e12 176
27 583 0.8 833 6.36117402282495e20 8.695057212253092e17 176
27 583 0.8 834 7.412199655591045e17 9.3859712855352e14 178
27 583 0.8 835 7.510520039985946e16 2.669202827136e13 176
27 583 0.8 836 7.406968549023109e17 1.0840451595264e14 173
27 583 0.8 837 2.283489154914036e15 8.13060288e9 175
27 583 0.8 838 8.71512663479865e19 1.0889899289929296e17 176
27 583 0.8 839 5.77267107179686e19 9.909694457462477e16 176
27 583 0.8 840 3.7860990532417234e18 3.176044559133696e15 173
27 583 0.8 841 4.857912757040639e18 4.521177823431288e15 175
27 583 0.8 842 2.45482479203202e15 7.0950915504e11 175
27 583 0.8 843 6.186415368010083e16 7.814471285376e13 176
27 583 0.8 844 1.945209652297632e15 1.15945795584e12 177
27 583 0.8 845 2.5890204480464937e18 4.43723309881464e14 175
27 583 0.8 846 3.741358109991978e16 3.9562801995816e13 178
27 583 0.8 847 6.00342983304e13 3.865392e10 179
27 583 0.8 848 3.93274446289152e14 3.0774859776e11 178
27 583 0.8 849 1.1820996322227482e17 6.2165509963776e13 174
27 583 0.8 850 7.37316470776e11 5.014464e7 177
27 583 0.8 851 3.07150030439424e14 3.125952e10 177
27 583 0.8 852 1.1719778175616e14 7.080265728e9 175
27 583 0.8 853 1.014471658575552e15 9.18185909952e11 178
27 583 0.8 854 1.980355215048336e15 1.25714415744e12 177
27 583 0.8 855 2.6632582889090265e19 3.531230664919279e16 175
27 583 0.8 856 4.7914119940475206e17 1.76713062875136e14 173
27 583 0.8 857 1.567785821187264e16 1.916108263296e13 179
27 583 0.8 858 7.507333197058276e18 3.502639883856e14 176
27 583 0.8 859 3.905400783879242e20 1.5283898018621568e17 175
27 583 0.8 860 5.637325406110648e15 3.620854981632e12 173
27 583 0.8 861 1.2386492049005173e17 1.04049749497248e14 176
27 583 0.8 862 6.258529766266122e18 3.265716127404544e15 174
27 583 0.8 863 5.297674171820742e19 5.442560392042066e16 176
27 583 0.8 864 5.149509757808148e18 2.461289711818368e15 175
27 583 0.8 865 2.1690653557908e13 1.5668352e7 177
27 583 0.8 866 5.020761876056896e15 3.0169631232e11 176
27 583 0.8 867 1.8119757720076577e18 2.07402388075008e15 176
27 583 0.8 868 2.693586104636867e16 2.63085561984e13 177
27 583 0.8 869 6.6033058398476304e19 8.409508220644416e16 174
27 583 0.8 870 2.3576215447797726e21 3.918798171373023e18 175
27 583 0.8 871 3.6618457272633555e17 7.0563449839104e13 174
27 583 0.8 872 2.2018072919691625e18 4.43501595896832e14 175
27 583 0.8 873 1.6424890292131674e18 1.43071169605632e14 177
27 583 0.8 874 4.269302490324815e20 3.652768710660851e17 173
27 583 0.8 875 4.948780766152315e18 2.784024710009088e15 176
27 583 0.8 876 3.347606824977187e16 6.074943257376e12 175
27 583 0.8 877 2.4628091856710624e17 1.40839920973848e14 176
27 583 0.8 878 1.4552109668233165e19 1.7760367989292032e16 175
27 583 0.8 879 2.4747204291695296e16 2.52902939544e12 174
27 583 0.8 880 2.2146570108368236e18 2.146683845453184e15 174
27 583 0.8 881 2.641604316418541e19 3.079785705052531e16 177
27 583 0.8 882 2.0023946430773027e17 1.3396964181552e14 176
27 583 0.8 883 1.703785112094507e20 1.9207459430433706e17 174
27 583 0.8 884 4.3487024755983795e17 5.379731977752e14 178
27 583 0.8 885 6.4173362408448e13 3.193344e8 175
27 583 0.8 886 6.58178582919227e17 2.4347659524096e14 174
27 583 0.8 887 5.730768996629728e15 4.23804099588e12 178
27 583 0.8 888 1.674430574303232e15 1.32817128192e12 177
27 583 0.8 889 2.0436355062970624e16 1.4586542014464e13 175
27 583 0.8 890 4.4471191263193235e17 3.238108017536e13 176
27 583 0.8 891 3.40249421347776e14 2.88961254912e11 176
27 583 0.8 892 1.546839582732288e15 3.29318203392e11 177
27 583 0.8 893 3.161078542582272e15 4.34503211904e12 178
27 583 0.8 894 1.68604385050128e14 1.62734544e11 179
27 583 0.8 895 6.556186211386204e17 4.9401022673856e14 175
27 583 0.8 896 1.102261748314032e15 1.3515838416e12 180
27 583 0.8 897 2.2635285137058803e17 2.62343240840704e14 176
27 583 0.8 898 2.353517922424704e15 7.7645094912e11 177
27 583 0.8 899 1.5706614325148992e16 2.161533277056e13 179
27 583 0.8 900 8.81766931292732e16 1.6694341197568e13 176
27 583 0.8 901 7.549735098060352e15 3.7146359808e10 176
27 583 0.8 902 2.1265289685052224e16 2.195352137088e13 178
27 583 0.8 903 9.698295810751697e18 4.140388664635392e15 176
27 583 0.8 904 2.2383134112692154e19 3.4260430515732864e16 177
27 583 0.8 905 1.5208346843999328e17 1.9389305510912e14 178
27 583 0.8 906 3.901167028980621e16 1.3179724593984e13 177
27 583 0.8 907 9.683852115508509e18 6.720744044924928e15 175
27 583 0.8 908 7.8938743691424e14 1.32420427776e11 175
27 583 0.8 909 5.000932544803384e19 6.744833640414389e16 174
27 583 0.8 910 2.0954707707565916e19 1.2590299783774464e16 175
27 583 0.8 911 7.271307388174848e16 3.916096017408e13 178
27 583 0.8 912 7.877012110211448e15 1.526651367264e12 176
27 583 0.8 913 2.3841306531961245e17 1.83480132096e13 175
27 583 0.8 914 6.900600491561636e17 9.4676099629056e14 176
27 583 0.8 915 4.258002195746496e16 5.89241081088e13 178
27 583 0.8 916 5.828526115023872e15 2.82254211072e12 175
27 583 0.8 917 5.073562760663812e18 1.75845512510208e14 176
27 583 0.8 918 3.557472539022226e17 3.305550879488e12 174
27 583 0.8 919 1.8257253997431382e17 1.8482257233792e13 176
27 583 0.8 920 4.003704661710312e15 2.351623691088e12 177
27 583 0.8 921 1.8062313378144102e17 1.38958828044288e14 175
27 583 0.8 922 1.012245221687542e19 7.507731846052512e15 176
27 583 0.8 923 5.62529593821865e16 2.2746769056e13 175
27 583 0.8 924 1.2557332222201683e17 1.08525552993024e14 174
27 583 0.8 925 2.367017545109034e16 2.339308099584e12 176
27 583 0.8 926 6.183172635289678e17 2.8443733138944e14 175
27 583 0.8 927 6.96538306660064e15 7.0291473408e12 177
27 583 0.8 928 1.0817857736352e13 1.4276736e7 173
27 583 0.8 929 4.4083802199552e13 3.732406272e9 176
27 583 0.8 930 2.45008131254208e14 1.4236992e10 173
27 583 0.8 931 2.2046146494523391e21 2.719616039537985e18 172
27 583 0.8 932 6.708085086312712e17 4.20260444647104e14 177
27 583 0.8 933 1.5314192040128492e18 2.04706234092736e15 177
27 583 0.8 934 1.2075723223851516e19 1.2777864682770432e16 174
27 583 0.8 935 1.3153452671449454e18 1.15478118752256e15 173
27 583 0.8 936 8.030932279823845e19 8.333447584740114e16 174
27 583 0.8 937 8.135601588675409e18 2.161084671737856e15 174
27 583 0.8 938 8.057893068939908e18 7.669615695171744e15 175
27 583 0.8 939 3.024644365266732e19 1.60174229124096e16 174
27 583 0.8 940 5.981227547604956e21 3.743303557915854e18 171
27 583 0.8 941 4.143502677056816e15 2.6295552e11 175
27 583 0.8 942 5.449460598471868e19 6.427638590167872e16 174
27 583 0.8 943 4.996065097902848e15 3.536933225472e12 176
27 583 0.8 944 1.457961648763211e22 1.667486359803403e19 174
27 583 0.8 945 1.7502325018848e14 2.329544448e11 180
27 583 0.8 946 2.417183752722945e21 2.0073178911442537e18 175
27 583 0.8 947 1.6823756640006227e17 2.37951088094208e14 178
27 583 0.8 948 3.021561759493719e16 4.328306005408e13 176
27 583 0.8 949 1.331737506695296e15 4.835777616e10 176
27 583 0.8 950 1.1513649370571611e18 5.77748487168e13 175
27 583 0.8 951 2.0322732281705664e16 1.749261304512e13 177
27 583 0.8 952 1.4074651950820304e16 1.965306830832e12 177
27 583 0.8 953 7.860874923006765e16 4.543457242968e13 175
27 583 0.8 954 3.290152904742719e16 2.5471784281856e13 176
27 583 0.8 955 1.1905831580539776e16 8.7658242048e12 175
27 583 0.8 956 7.339394866941926e19 2.6456495629591584e16 174
27 583 0.8 957 6.933526117736317e16 3.0988517265792e13 174
27 583 0.8 958 3.046877734565568e15 1.81245708288e11 176
27 583 0.8 959 4.120758719800704e15 1.30671184896e11 176
27 583 0.8 960 5.1309705909623076e20 9.386856043593155e17 175
27 583 0.8 961 1.168986404063076e19 1.108732923858528e16 176
27 583 0.8 962 4.205711219628126e18 3.923931648329248e15 176
27 583 0.8 963 2.401340564146191e18 2.965413483316224e15 175
27 583 0.8 964 3.5406083445933957e18 3.310088174262144e15 175
27 583 0.8 965 1.46108145398225e17 9.1945827900288e13 176
27 583 0.8 966 1.9060898110800566e17 2.4278026926816e14 176
27 583 0.8 967 2.910040790980745e18 4.08035674776e15 176
27 583 0.8 968 5.713029527754856e21 1.0863319755063087e19 175
27 583 0.8 969 3.4275989132604146e19 5.048786830196736e15 173
27 583 0.8 970 4.4976067468539837e18 2.008127715434496e15 173
27 583 0.8 971 6.661876045871055e18 6.489964859069952e15 174
27 583 0.8 972 1.981266045156916e19 2.5032588696440064e16 175
27 583 0.8 973 1.2271409037551664e16 6.41851195392e11 177
27 583 0.8 974 4.704952805032704e16 1.9428304896e13 177
27 583 0.8 975 2.24568405408e12 2.186748e9 178
27 583 0.8 976 1.151284805859274e15 5.57122478328e11 177
27 583 0.8 977 5.961856340211693e17 6.3596767419072e14 176
27 583 0.8 978 5.60303365649664e14 2.88602372096e11 177
27 583 0.8 979 1.38277373736768e14 2.3546734848e10 180
27 583 0.8 980 2.6458886222255657e19 6.53489293500384e15 176
27 583 0.8 981 2.3458765054790624e17 8.4187902197952e13 175
27 583 0.8 982 3.688543518319578e16 1.9819497797376e13 178
27 583 0.8 983 5.4455822271552e13 4.8787667712e10 178
27 583 0.8 984 5.0433536911109696e17 7.84741968189504e14 178
27 583 0.8 985 1.9097757951379233e20 1.588135208182629e17 175
27 583 0.8 986 1.2293197071745384e19 9.9345414280536e14 174
27 583 0.8 987 1.748710219682934e19 7.11839952519696e14 175
27 583 0.8 988 4.6387742799888e14 1.15121088e10 177
27 583 0.8 989 1.222927507614697e17 6.9716592912384e13 176
27 583 0.8 990 8.568920081233196e17 1.188107022584736e15 177
27 583 0.8 991 4.706765657378325e16 4.22834430096e11 175
27 583 0.8 992 5.84853451619424e14 1.86240384e10 178
27 583 0.8 993 1.0795282095578832e16 2.38718658816e12 173
27 583 0.8 994 1.6571131599295457e18 1.365337006743168e15 175
27 583 0.8 995 4.076172156240172e20 2.254408292533442e17 174
27 583 0.8 996 4.0804234924032e13 3.80302848e10 179
27 583 0.8 997 1.888632294161911e20 1.4441079579609408e17 175
27 583 0.8 998 6.877733489915178e17 2.76449307119616e14 175
27 583 0.8 999 7.70356227186888e19 4.173845879970202e16 175
27 583 0.8 1000 2.416218473644758e21 3.583283979694635e18 174
