L N d seed D_(MIS-1) D_MIS MIS
29 673 0.8 0 153955866722112.0 1864304640.0 205
29 673 0.8 1 1.8614697772918333e+18 23363660611584.0 202
29 673 0.8 2 9.124584524644469e+18 976623694977888.0 202
29 673 0.8 3 56170180733472.0 37527235200.0 207
29 673 0.8 4 3.816972782208129e+18 33915186708480.0 203
29 673 0.8 5 5.489758463807729e+18 7427734566912000.0 207
29 673 0.8 6 2.5458270250772224e+18 2667826485490176.0 202
29 673 0.8 7 4.84555499268276e+23 5.31361989736733e+20 200
29 673 0.8 8 3.69842651961393e+17 134358375617508.0 203
29 673 0.8 9 8.311419745034533e+17 209168024060160.0 203
29 673 0.8 10 4.705673253807217e+22 5.4077651962456285e+19 200
29 673 0.8 11 6.414283799695665e+20 2.4246080523025293e+17 202
29 673 0.8 12 3.319691397609718e+17 92646105713280.0 202
29 673 0.8 13 1.1579564153868703e+20 7643974039357440.0 200
29 673 0.8 14 2.787587011403264e+16 1063939276800.0 203
29 673 0.8 15 3.457100770733561e+20 1.5790038802903757e+17 200
29 673 0.8 16 1.004530383931437e+21 6.846896268572933e+17 200
29 673 0.8 17 4.9246563830905104e+20 1.1066048362388275e+17 203
29 673 0.8 18 1.1369894996054876e+19 1010496878346240.0 204
29 673 0.8 19 3.866078796205844e+20 4.034001127112141e+17 203
29 673 0.8 20 3.075440952530699e+20 1900777663872000.0 201
29 673 0.8 21 1.10256584480066e+17 1102527936000.0 201
29 673 0.8 22 5.849262371783675e+22 2.1095815939258245e+19 201
29 673 0.8 23 1.193275166085328e+19 469395989461504.0 199
29 673 0.8 24 4.970612814813043e+16 3410225183232.0 204
29 673 0.8 25 3.379936871799376e+21 2.0387889283910193e+18 200
29 673 0.8 26 4.682302218322894e+23 1.2824031546755019e+19 200
29 673 0.8 27 2.2971559347537877e+20 2.1829930839553216e+17 205
29 673 0.8 28 2273674933224000.0 60814540800.0 204
29 673 0.8 29 1.3453391818654697e+18 1679412691394208.0 206
29 673 0.8 30 1.472224878519162e+19 7415320078589952.0 203
29 673 0.8 31 5.293576545669846e+21 4.074024265460086e+18 202
29 673 0.8 32 8.301402164808239e+21 2.1267312956820544e+18 199
29 673 0.8 33 2.2446968648756733e+17 9075020460696.0 202
29 673 0.8 34 2.3706573103108895e+18 1865384343220320.0 202
29 673 0.8 35 4.761167765001332e+18 963015491155968.0 202
29 673 0.8 36 5.402656182519204e+17 734715310314048.0 205
29 673 0.8 37 1.300413264879283e+18 197475709924224.0 201
29 673 0.8 38 4.228934877122169e+19 6085938615217920.0 200
29 673 0.8 39 1.0372892014545023e+22 1.1993924703923528e+18 201
29 673 0.8 40 1.4636750563759831e+19 1.951324302501907e+16 204
29 673 0.8 41 1.5184290173119488e+16 10640570646528.0 205
29 673 0.8 42 6.673910661125402e+16 5373636120576.0 202
29 673 0.8 43 7.688312984280433e+21 6.78324170338085e+18 201
29 673 0.8 44 2.6221847430579885e+17 73825426985472.0 204
29 673 0.8 45 1.154706197222104e+22 1.7731139213414892e+18 200
29 673 0.8 46 1756492255117440.0 697021977600.0 201
29 673 0.8 47 2.5394920580724883e+19 2.24405231044608e+16 203
29 673 0.8 48 1.7667473036881185e+21 1.9915531002077786e+18 202
29 673 0.8 49 1.7931685291132948e+18 358176339414400.0 202
29 673 0.8 50 3.719961774753673e+19 2.686480499478528e+16 201
29 673 0.8 51 3.40556770702051e+17 125770661305344.0 202
29 673 0.8 52 1.1177330095513915e+20 2.50262039494656e+16 202
29 673 0.8 53 2.0362911774274696e+20 2.463114592219202e+17 204
29 673 0.8 54 2.863795776977667e+16 7998510627072.0 202
29 673 0.8 55 1.0697691974931879e+22 2.9507731651986596e+18 202
29 673 0.8 56 4.178616959816449e+21 1.7076122960106022e+18 204
29 673 0.8 57 1.2376641106351014e+18 1251232222933440.0 207
29 673 0.8 58 5.896449760699714e+18 1789419103911936.0 200
29 673 0.8 59 1.811663193869963e+20 2519803771004160.0 202
29 673 0.8 60 7.726761226242606e+21 1.8046325262820782e+18 200
29 673 0.8 61 4.319568074150419e+18 135206112892032.0 201
29 673 0.8 62 9372096022125312.0 5142110238720.0 200
29 673 0.8 63 2.684835005581377e+20 5018225265345600.0 199
29 673 0.8 64 2.726276259076871e+21 4.70505884248512e+17 203
29 673 0.8 65 1.2444394937115931e+20 581879200016640.0 203
29 673 0.8 66 4.00942619066338e+18 265570594458624.0 205
29 673 0.8 67 4.477799934801134e+20 1.841466116609856e+16 202
29 673 0.8 68 2.2200032484327427e+17 44352717935616.0 202
29 673 0.8 69 5.399581842632163e+16 287694965376.0 201
29 673 0.8 70 2.2190155942881106e+20 2.3594054381944474e+17 202
29 673 0.8 71 2.435848379736964e+18 106630422179904.0 203
29 673 0.8 72 2.4971987958406477e+20 2.043839068475259e+17 203
29 673 0.8 73 1.9739321037341806e+20 1.360548059746176e+17 203
29 673 0.8 74 3.530757031420723e+16 437372006400.0 203
29 673 0.8 75 9.700150201254547e+19 5504738881536.0 203
29 673 0.8 76 5.579333653645379e+18 2055881444348160.0 202
29 673 0.8 77 1.1204576654447912e+22 1.3643350644577632e+19 202
29 673 0.8 78 2.76035039603264e+16 12923723520000.0 203
29 673 0.8 79 6.154608923865672e+17 619164506590848.0 205
29 673 0.8 80 2.4875036281049265e+21 1.4730556650707638e+18 202
29 673 0.8 81 4.93464280409663e+16 41134354374528.0 203
29 673 0.8 82 2.1139533216998262e+18 319576886380800.0 201
29 673 0.8 83 7.639158114944288e+20 5.8420966724856e+17 200
29 673 0.8 84 3.3291005113143905e+18 1147208000325120.0 203
29 673 0.8 85 8.996523516945654e+17 1075915949137920.0 203
29 673 0.8 86 6134177367663408.0 1004169815712.0 202
29 673 0.8 87 21745473001632.0 13183948800.0 206
29 673 0.8 88 9.94831162080596e+22 1.039068946374112e+20 199
29 673 0.8 89 2.5051270484750374e+17 220167973032960.0 204
29 673 0.8 90 3.3601124992110367e+19 1487106489807360.0 200
29 673 0.8 91 1.2283311010219008e+16 2463273566208.0 204
29 673 0.8 92 2.0324585031563889e+21 2.2937321437364682e+18 202
29 673 0.8 93 3.7397755165799555e+19 146082340454400.0 200
29 673 0.8 94 1.1885909097038651e+19 46052278272.0 200
29 673 0.8 95 3.455035240325368e+19 4.14217396959529e+16 202
29 673 0.8 96 5.313786333657667e+16 18124341546240.0 204
29 673 0.8 97 1.3852090819097047e+22 1.2590049479363887e+19 201
29 673 0.8 98 4.68903621320613e+17 347729843798064.0 202
29 673 0.8 99 2.8055984002056212e+20 3.491267109363671e+17 203
29 673 0.8 100 9.44551945453918e+17 48446588144640.0 202
29 673 0.8 101 6.38522490593448e+21 6.830967779623858e+18 200
29 673 0.8 102 4099228974946368.0 2040063128064.0 204
29 673 0.8 103 2.0256630188434784e+17 36871343182080.0 202
29 673 0.8 104 1703916738707328.0 1627453808640.0 206
29 673 0.8 105 1.0940948536273413e+18 38836902297600.0 202
29 673 0.8 106 8.597712919101076e+17 402228151617600.0 203
29 673 0.8 107 2.2015279869002306e+19 2.056113883279411e+16 204
29 673 0.8 108 3.5127087975887796e+24 7.023236487193759e+18 198
29 673 0.8 109 7.6207936855385e+18 5881741203735168.0 202
29 673 0.8 110 1.9724636255539926e+17 11632810096320.0 204
29 673 0.8 111 8.720400048096437e+18 1387301199036288.0 203
29 673 0.8 112 402777571179520.0 47202355200.0 207
29 673 0.8 113 1.3163103076762761e+19 9362305820551680.0 202
29 673 0.8 114 3.501781897734062e+19 3.696756787684147e+16 204
29 673 0.8 115 1.2820069604184392e+19 7836929455398912.0 202
29 673 0.8 116 2.3845929639068146e+23 3.9696800976560036e+20 201
29 673 0.8 117 4.5004594227025486e+19 1.5830795069568e+16 203
29 673 0.8 118 1.1859807577722003e+21 57931202560.0 202
29 673 0.8 119 2.9697777193616755e+17 7297432114176.0 204
29 673 0.8 120 6.685799857150391e+19 3.407142724263117e+16 201
29 673 0.8 121 4362878007850512.0 1687324101696.0 204
29 673 0.8 122 2327156709149952.0 2526425479296.0 207
29 673 0.8 123 1.4373956974401846e+21 5.950765211991552e+17 199
29 673 0.8 124 9.901211805811999e+17 771177628827648.0 206
29 673 0.8 125 3.637992980251177e+19 7910520317134848.0 201
29 673 0.8 126 2.07973303842776e+18 117700853760.0 203
29 673 0.8 127 5.411555580919563e+22 4.9765503157013905e+19 202
29 673 0.8 128 1.24086703986093e+16 12686502528.0 202
29 673 0.8 129 3.5331929893219085e+23 5.911921705244156e+20 202
29 673 0.8 130 3.9228173695621477e+21 2.887570635073618e+18 201
29 673 0.8 131 2.1878350416644077e+21 5816846171676672.0 201
29 673 0.8 132 1.4349593212810596e+18 547554379008.0 200
29 673 0.8 133 2.3517573573236736e+16 11931022172160.0 202
29 673 0.8 134 4.254556182852547e+19 3.73795193816903e+16 202
29 673 0.8 135 2.4715154233931377e+18 174138624000.0 201
29 673 0.8 136 6.529022888809892e+18 7350408576874080.0 204
29 673 0.8 137 1.825172562581082e+18 1588233310760160.0 204
29 673 0.8 138 1.49944397071556e+20 6310512802255680.0 201
29 673 0.8 139 1.115983664778912e+18 1045918410786432.0 205
29 673 0.8 140 2.0371534554456924e+18 988271546954688.0 200
29 673 0.8 141 2.1201918758591598e+18 32559808723200.0 205
29 673 0.8 142 4.987707908312395e+21 3.319365979765846e+18 201
29 673 0.8 143 1.5178324720955424e+16 5968396016640.0 203
29 673 0.8 144 2.6051969148667046e+22 3.4558456414523142e+19 201
29 673 0.8 145 5.307063263786129e+21 1.4206916618414438e+18 199
29 673 0.8 146 7.642168637622176e+17 397525135488000.0 206
29 673 0.8 147 1620986042970720.0 44985507840.0 205
29 673 0.8 148 3.3815422309825057e+19 4908058426740000.0 200
29 673 0.8 149 1.279277827790305e+21 1.4753096334202015e+18 204
29 673 0.8 150 2.459645883772109e+16 10790444851200.0 204
29 673 0.8 151 9.473131745098101e+22 7.317473997903067e+18 200
29 673 0.8 152 2.3333684374765008e+17 108907786967040.0 203
29 673 0.8 153 4.4182238792037966e+19 2159901619842048.0 201
29 673 0.8 154 3.9046322344366554e+17 10142706401280.0 205
29 673 0.8 155 5.164928895536076e+21 6.630743962452103e+18 204
29 673 0.8 156 3.829124740461805e+16 25010473814016.0 205
29 673 0.8 157 1.685920173173011e+19 2.3140836995956736e+16 206
29 673 0.8 158 834511927766016.0 709497815040.0 207
29 673 0.8 159 3.822098911351667e+16 21309769528320.0 203
29 673 0.8 160 1.4002987622459952e+16 8880302841696.0 205
29 673 0.8 161 2.005362836013559e+22 1.7927548070273671e+19 199
29 673 0.8 162 1.1129017473921692e+18 547058145150720.0 201
29 673 0.8 163 2.1321601367837304e+20 1.5347804197824512e+17 202
29 673 0.8 164 1.16027261987472e+16 7728277132800.0 202
29 673 0.8 165 2.2284864822871296e+16 1594117324800.0 199
29 673 0.8 166 5.867804338025918e+23 7.686589431384369e+20 200
29 673 0.8 167 4.150764210399199e+19 5.121229647808512e+16 204
29 673 0.8 168 3.662609927179296e+16 10329600207360.0 204
29 673 0.8 169 3.2892389711872377e+22 3.132622852996852e+19 203
29 673 0.8 170 1.4479145058319546e+22 1.175115354055569e+19 202
29 673 0.8 171 7.389540892703308e+21 4.844130126192326e+18 200
29 673 0.8 172 1.0960698936894609e+21 1.5140795774302426e+18 204
29 673 0.8 173 1.1742762413661468e+18 47536260203520.0 201
29 673 0.8 174 1.3906048208770703e+21 6.284055082309023e+17 199
29 673 0.8 175 3.959423158873542e+20 1.0637807973000192e+17 200
29 673 0.8 176 2.523678277768128e+16 14124976473600.0 205
29 673 0.8 177 9.343028583006068e+20 1.153285407258025e+18 202
29 673 0.8 178 1.3149512805426573e+19 1.0976535853304832e+16 202
29 673 0.8 179 4.7331402201711194e+17 376274292409344.0 202
29 673 0.8 180 1.9902136578593102e+21 4.793319996529623e+17 200
29 673 0.8 181 7.512292965026102e+17 126304665840384.0 200
29 673 0.8 182 5.101318764969633e+24 2.1247014018625432e+21 197
29 673 0.8 183 2.7496053177653453e+17 193905955676160.0 203
29 673 0.8 184 9.44877525578331e+21 6.166348685306896e+18 201
29 673 0.8 185 8.689156566515702e+21 7.76224932339156e+18 202
29 673 0.8 186 3.756583429338037e+20 5.10429782605824e+16 200
29 673 0.8 187 627784799525832.0 146511087552.0 203
29 673 0.8 188 5.358397354191871e+19 3.462117225869952e+16 203
29 673 0.8 189 4.272289329975149e+20 4.767127486049974e+17 203
29 673 0.8 190 8.459046513726225e+19 5.999056096065869e+16 201
29 673 0.8 191 8.018956151254211e+19 1.55414065730472e+16 201
29 673 0.8 192 1.1500723957279463e+22 1.802354072965127e+19 204
29 673 0.8 193 27674286045696.0 3603087360.0 202
29 673 0.8 194 3.148265571101105e+22 4.0261688906499343e+18 200
29 673 0.8 195 7.897334793946455e+18 821404596119040.0 201
29 673 0.8 196 9.086077633650431e+21 1.1721358723511247e+19 203
29 673 0.8 197 3.7699926683680825e+19 129980867788800.0 202
29 673 0.8 198 1.4063185456121918e+20 9057360983982080.0 200
29 673 0.8 199 1.480722192808304e+20 7.038461869953792e+16 201
29 673 0.8 200 6.362812265663342e+17 62558576640.0 203
29 673 0.8 201 3.6860968494289083e+21 5.19420291530224e+18 204
29 673 0.8 202 9.418187594274386e+17 287691525004032.0 202
29 673 0.8 203 2.3615227240321e+20 211857990912000.0 202
29 673 0.8 204 5.5608615650200415e+22 2.56730847389369e+19 201
29 673 0.8 205 5.295184544566893e+21 7.001188852896657e+18 203
29 673 0.8 206 1.9031097683757696e+16 2923840281600.0 203
29 673 0.8 207 4.759756947541205e+18 3323547753048288.0 201
29 673 0.8 208 1.3867282029880305e+18 1144105180416000.0 204
29 673 0.8 209 3.798650494637313e+21 5.7067699115770906e+17 201
29 673 0.8 210 3.625433589806464e+21 2.1730782649332603e+18 200
29 673 0.8 211 3.848675735142331e+20 6.265701195330355e+16 201
29 673 0.8 212 8909510270688.0 3445200000.0 207
29 673 0.8 213 5.506873193591659e+22 3.072446302816338e+19 199
29 673 0.8 214 1.4860408816358523e+19 7950667096811520.0 202
29 673 0.8 215 9.57338369887724e+20 4.0412186626166784e+17 201
29 673 0.8 216 2.319515263927453e+20 5.724791582810112e+16 201
29 673 0.8 217 4560909119714880.0 4792070419200.0 204
29 673 0.8 218 2.575521373061952e+16 2821622630400.0 206
29 673 0.8 219 1.1199631786812979e+18 816249227673600.0 205
29 673 0.8 220 2.9989360009060045e+18 1441725639045120.0 201
29 673 0.8 221 7.178365557484648e+22 9.197372714152172e+19 201
29 673 0.8 222 4.2565986697980525e+17 112969661333760.0 202
29 673 0.8 223 2.8255216004196975e+21 1.3305137430485606e+18 201
29 673 0.8 224 1.6336877325593494e+20 8.098802548342016e+16 200
29 673 0.8 225 1.4993684137238113e+18 1840097265762816.0 204
29 673 0.8 226 3.49317570828977e+23 2.363168048257616e+20 200
29 673 0.8 227 1.5835048087606106e+17 26360332362000.0 205
29 673 0.8 228 9.523496213371087e+18 8445657600000.0 201
29 673 0.8 229 5.7574726653575705e+20 7.653715168452296e+17 201
29 673 0.8 230 7.006574033285679e+17 264215473538176.0 204
29 673 0.8 231 6.100095090995535e+18 453142621855744.0 201
29 673 0.8 232 1.8044677195731738e+18 682480101703680.0 201
29 673 0.8 233 1.4471452544984356e+18 14692275901440.0 207
29 673 0.8 234 8.809677512499045e+20 1.6698118977521664e+16 200
29 673 0.8 235 7.049392822587059e+22 2.2438976088632144e+19 200
29 673 0.8 236 2.4973066560096957e+18 1759685296988160.0 203
29 673 0.8 237 4.949721014776871e+17 451550743299072.0 202
29 673 0.8 238 1.0646034543687118e+21 2.320038890459136e+16 201
29 673 0.8 239 2.140754763120499e+20 2.3075263326881568e+17 202
29 673 0.8 240 7.645538436295628e+17 715086562296960.0 202
29 673 0.8 241 1.0479319250743339e+20 2599203329788800.0 202
29 673 0.8 242 4.9516719418571214e+20 1.0926405011490806e+17 199
29 673 0.8 243 8.229586346884915e+16 8624761896960.0 205
29 673 0.8 244 2.342445330743248e+21 5.465868581029363e+17 198
29 673 0.8 245 1.4973958097939e+17 3501268008000.0 199
29 673 0.8 246 1.4671286070643542e+19 1.6730239959309312e+16 204
29 673 0.8 247 6.022123789197214e+20 3.602444867028e+16 201
29 673 0.8 248 1.7082638595649147e+21 1.1573522748009147e+17 201
29 673 0.8 249 9.832000288263105e+20 7.751745350696986e+17 201
29 673 0.8 250 2.000316985053696e+16 5602231517184.0 205
29 673 0.8 251 9.383243817955645e+17 116249290297344.0 204
29 673 0.8 252 2.550733962652032e+17 51960268800000.0 203
29 673 0.8 253 1.1450444148936542e+19 2725006945809600.0 203
29 673 0.8 254 1.6485215695805755e+23 1.9495087490982327e+20 202
29 673 0.8 255 3.3748767417667035e+23 4.336614824884297e+20 199
29 673 0.8 256 3.04036193177094e+18 1692259346300928.0 201
29 673 0.8 257 5.809154783561306e+17 432957987216000.0 205
29 673 0.8 258 6.865458397992381e+21 2.5301333209170125e+18 200
29 673 0.8 259 7.443507503248896e+17 1037629035089128.0 205
29 673 0.8 260 2.1986485877172736e+16 1072578447360.0 203
29 673 0.8 261 1.3731156491629817e+21 1.1468331136992724e+18 202
29 673 0.8 262 5.512186503606758e+16 28710415319040.0 204
29 673 0.8 263 2.4458826914954777e+19 2.488462256558131e+16 204
29 673 0.8 264 515557171288548.0 33619862592.0 203
29 673 0.8 265 2.8633221981480865e+21 3.288291303332022e+18 200
29 673 0.8 266 8.069040463762656e+16 86034503890944.0 206
29 673 0.8 267 3.872625449613241e+19 3.405192423387955e+16 203
29 673 0.8 268 7.432661441899622e+19 1.7373001607438688e+16 202
29 673 0.8 269 5.3109021168655276e+20 3.44569851818996e+17 203
29 673 0.8 270 2.6876305381349134e+19 1.7042470661900736e+16 202
29 673 0.8 271 3.376784311877826e+18 8669188915200.0 205
29 673 0.8 272 1.7022366678237848e+19 1884961257553920.0 202
29 673 0.8 273 4.608975495846363e+18 4067609693650944.0 204
29 673 0.8 274 2.480557263222849e+21 1.101817870449621e+18 201
29 673 0.8 275 6.249500520301846e+20 2.257404661711918e+17 200
29 673 0.8 276 1038201764736.0 831487680.0 208
29 673 0.8 277 1.1267224339899213e+17 605562048.0 205
29 673 0.8 278 5.019976635558096e+18 652209062935680.0 202
29 673 0.8 279 2.624529137522833e+19 2.00395450445328e+16 204
29 673 0.8 280 1.916928217459245e+21 2.2598174310579354e+18 202
29 673 0.8 281 3351179697148416.0 21068759040.0 205
29 673 0.8 282 2.4029537663033075e+20 1.902531308473636e+17 201
29 673 0.8 283 6.782185011853393e+17 331077590111232.0 203
29 673 0.8 284 3.0559126071414173e+22 2.1019489721743596e+18 203
29 673 0.8 285 5.639645620424086e+21 373279391746560.0 200
29 673 0.8 286 3.327003080714998e+21 2.405592070789248e+16 199
29 673 0.8 287 1.0523007906654352e+21 3.0678446126656896e+17 201
29 673 0.8 288 3595887636122880.0 353955889152.0 203
29 673 0.8 289 4.520245681060068e+22 6.061231228035058e+19 201
29 673 0.8 290 3.7055512366341555e+17 175909086720000.0 201
29 673 0.8 291 2.3367538336342835e+20 2.2526379074745446e+17 203
29 673 0.8 292 1.0799365574453489e+22 1.03277008986301e+19 200
29 673 0.8 293 8.896752081239566e+19 5.895906595722778e+16 201
29 673 0.8 294 1.5702689633320158e+21 1.3290072967154432e+18 200
29 673 0.8 295 2.255581670095411e+16 25047359447040.0 206
29 673 0.8 296 1.765126813279877e+17 24892382592.0 203
29 673 0.8 297 3.175110084551544e+20 1.5665646782048256e+17 202
29 673 0.8 298 7.16913192254478e+19 6.475741869604656e+16 202
29 673 0.8 299 2.7112889000469286e+20 2.048082396056928e+17 201
29 673 0.8 300 3.54828385806698e+20 2.829952889316142e+17 203
29 673 0.8 301 5389026098992224.0 5252427396000.0 206
29 673 0.8 302 3.782784208674575e+20 3.431433557164032e+17 203
29 673 0.8 303 7.009367193483729e+21 2.7543612401711237e+18 200
29 673 0.8 304 5.013104257537656e+17 590252226134256.0 205
29 673 0.8 305 1.0626425305911936e+16 68319313920.0 203
29 673 0.8 306 4.431922624671843e+21 7.517436240385843e+17 201
29 673 0.8 307 3.486834141933356e+22 4.3998333556330906e+19 201
29 673 0.8 308 2.4846965199592594e+21 1.814766056828374e+18 202
29 673 0.8 309 1.6854827726803134e+21 2.875881883025256e+16 202
29 673 0.8 310 1.0471101729020357e+21 7.454828899746662e+17 201
29 673 0.8 311 7.791908997765545e+21 4.702492913786962e+18 200
29 673 0.8 312 8.072202579995398e+20 9.072530515448832e+17 202
29 673 0.8 313 6.4450781602405786e+19 58893778944000.0 200
29 673 0.8 314 1.4794592594685598e+19 1.1572134461620224e+16 202
29 673 0.8 315 1.0896994821663392e+21 6.03092062976794e+17 200
29 673 0.8 316 1.9480106794529434e+22 3.1810886232757627e+18 201
29 673 0.8 317 5.225479485399409e+18 426792786168096.0 204
29 673 0.8 318 1.4928059022340344e+24 1.7942563511626994e+21 200
29 673 0.8 319 2.0302041495392428e+18 2435177125760.0 200
29 673 0.8 320 2998469953125120.0 1572438067200.0 206
29 673 0.8 321 3.0846131462468e+21 1.0191043439993124e+18 200
29 673 0.8 322 5.498605129427171e+19 3626422499481600.0 202
29 673 0.8 323 5.513907019371153e+18 4292358129457920.0 201
29 673 0.8 324 58735712239488.0 12155028480.0 204
29 673 0.8 325 3.5966055905429724e+20 4.094926338706704e+16 202
29 673 0.8 326 5.169852043858126e+18 289843621027200.0 205
29 673 0.8 327 307348958083456.0 42300764160.0 206
29 673 0.8 328 6.4473794123597185e+19 5.571581378841216e+16 203
29 673 0.8 329 5.760587088060055e+19 5.239124118174893e+16 205
29 673 0.8 330 7.280470021722969e+19 2.3017181808009944e+16 198
29 673 0.8 331 8.422987367780365e+18 8902917739298592.0 204
29 673 0.8 332 1.1203624402943958e+21 9.726265026662285e+17 201
29 673 0.8 333 7.522412741114664e+19 4.249571538371098e+16 201
29 673 0.8 334 6.930359505610108e+20 7.564580760865905e+17 201
29 673 0.8 335 1.618314572560684e+20 1.0600964854272e+17 203
29 673 0.8 336 1.157086978140983e+17 31668684445440.0 204
29 673 0.8 337 4.218878242566949e+19 2.64660035416992e+16 202
29 673 0.8 338 1.9477539490419172e+21 1.1173484030581609e+18 201
29 673 0.8 339 9.121264810326899e+17 340284611445696.0 201
29 673 0.8 340 3.3907339909776384e+16 23202805155840.0 205
29 673 0.8 341 1.879321659610451e+16 2741273729280.0 203
29 673 0.8 342 2.060705313413451e+25 2.3081284458833655e+20 201
29 673 0.8 343 1.0478506885577663e+21 7.159433862159058e+17 199
29 673 0.8 344 1.4103197000051213e+17 17333491553280.0 202
29 673 0.8 345 2.5037645812290196e+18 3413286750781440.0 207
29 673 0.8 346 2.8634890173793344e+16 36958046888448.0 207
29 673 0.8 347 3566713318291328.0 3452569451520.0 207
29 673 0.8 348 2.199220509844884e+21 2.5858516249280307e+18 202
29 673 0.8 349 4.721292609055946e+17 97299159220224.0 202
29 673 0.8 350 2.8332779089191706e+17 36381864960000.0 202
29 673 0.8 351 5.817991394045825e+17 386612059373568.0 202
29 673 0.8 352 652022562849280.0 27325218816.0 202
29 673 0.8 353 275303437331328.0 73534003200.0 205
29 673 0.8 354 9.046160801261073e+20 2.748648558624768e+17 201
29 673 0.8 355 1.172325148756896e+17 22748871600000.0 203
29 673 0.8 356 2.832914030553904e+21 2.5394435073230193e+18 202
29 673 0.8 357 1.480641363010024e+20 2270802787840512.0 202
29 673 0.8 358 1.7054383485722414e+20 7.564188575580826e+16 201
29 673 0.8 359 2.2542437510011036e+19 1.983436339912704e+16 201
29 673 0.8 360 2.3088831124181824e+20 3.073672605006259e+17 204
29 673 0.8 361 1.2437736187124874e+18 213302910402560.0 204
29 673 0.8 362 3.1406837626208805e+19 1.1491734314883072e+16 199
29 673 0.8 363 6.743378645781472e+20 1.5610313763497232e+17 201
29 673 0.8 364 9.575660829757055e+18 5386399182049536.0 201
29 673 0.8 365 4.35240273462569e+22 3.943853216819975e+19 200
29 673 0.8 366 3.4586989428896367e+20 1.9062119514886656e+16 202
29 673 0.8 367 3.6198651875976307e+19 1.803302554468896e+16 201
29 673 0.8 368 1.419657833163185e+21 5.947973018840282e+17 201
29 673 0.8 369 1.0074565866011216e+22 8.504038113827687e+18 200
29 673 0.8 370 4.7613668651614044e+20 1.9797197610385766e+17 201
29 673 0.8 371 1.0601024473543872e+16 10660374144000.0 205
29 673 0.8 372 2.4057464553507398e+19 1.68970097350656e+16 201
29 673 0.8 373 4.0477019676435625e+20 6.315936048232685e+16 199
29 673 0.8 374 3.26495876413741e+20 900800526346240.0 200
29 673 0.8 375 1.7125663692588572e+22 2.346989036836385e+19 203
29 673 0.8 376 5.2799232688180085e+19 3.71529053682663e+16 204
29 673 0.8 377 861481592499456.0 25854940800.0 205
29 673 0.8 378 6.719490594272695e+18 5784921101030400.0 202
29 673 0.8 379 6.546889938647709e+18 1574802889159680.0 204
29 673 0.8 380 4.3795544985369416e+18 4174021421498880.0 204
29 673 0.8 381 595339802695696.0 250399894080.0 204
29 673 0.8 382 3.083762393888644e+21 468095137920.0 201
29 673 0.8 383 1.770812021063077e+18 1069002583905024.0 203
29 673 0.8 384 1347875481944064.0 338264064000.0 206
29 673 0.8 385 1.749834244797074e+18 47297945088000.0 201
29 673 0.8 386 2.324637331065095e+20 2.9775724093243296e+17 203
29 673 0.8 387 7.725645188691379e+21 7.350897241364921e+18 203
29 673 0.8 388 2.0819712034511557e+18 119851799040000.0 204
29 673 0.8 389 5.010497686865338e+19 5.964748353205862e+16 203
29 673 0.8 390 2.06269679237975e+22 5.445575307598971e+18 201
29 673 0.8 391 6.343731514731584e+17 342885982464000.0 203
29 673 0.8 392 6.358664683645911e+19 3.1998748214974464e+16 201
29 673 0.8 393 2871917554841616.0 1285232181120.0 205
29 673 0.8 394 2.2991263555025864e+21 1.5307018646702592e+18 203
29 673 0.8 395 2.9266412987322294e+19 1.1639621009028096e+16 202
29 673 0.8 396 1.2798313057052781e+21 7.540472210534739e+17 202
29 673 0.8 397 1.1220830005710685e+22 1.531106940188096e+19 202
29 673 0.8 398 681596473757472.0 326913003648.0 206
29 673 0.8 399 8.185408774762862e+21 6.364996519925363e+18 201
29 673 0.8 400 9.755284054171419e+19 1.2915957377797344e+17 204
29 673 0.8 401 9.437560443936761e+19 4.019943269498573e+16 202
29 673 0.8 402 2.1477027905803296e+16 5380618752.0 203
29 673 0.8 403 1.4371568336491128e+20 3.76333883757527e+16 202
29 673 0.8 404 2.367236198403235e+23 2.530329340370822e+20 198
29 673 0.8 405 1.0003575572826502e+21 3.785627698284749e+17 199
29 673 0.8 406 2.769167597030007e+21 1.5410823393673958e+18 201
29 673 0.8 407 1.1052274790286125e+19 217612032485760.0 202
29 673 0.8 408 1.8466308261453005e+19 1.42001052354048e+16 202
29 673 0.8 409 6.142668871615507e+17 2696715141120.0 203
29 673 0.8 410 6.133242472924043e+18 3373238306465280.0 202
29 673 0.8 411 4.490174675898223e+22 1.8473895873890705e+19 199
29 673 0.8 412 5.64946516805503e+21 6.864634972636647e+18 203
29 673 0.8 413 1.5293862854380723e+18 199111161808896.0 203
29 673 0.8 414 2.5904201102789377e+24 3.0011965753856434e+21 199
29 673 0.8 415 5.1037905658095205e+22 6.847187351274694e+18 199
29 673 0.8 416 5.921983092254009e+20 7.43335825684032e+16 201
29 673 0.8 417 4.8428097655867236e+22 4.883995563838177e+19 201
29 673 0.8 418 2435784687392832.0 519078855168.0 202
29 673 0.8 419 1.8557904756002726e+18 1276027506692400.0 204
29 673 0.8 420 5.917380445213573e+18 4926717529585920.0 203
29 673 0.8 421 7.523285195426385e+17 834511903948800.0 206
29 673 0.8 422 1.4072713198672888e+18 694926896766336.0 204
29 673 0.8 423 2.466571796686541e+16 5824161792000.0 202
29 673 0.8 424 7.053052668174e+20 8.703044501449179e+17 203
29 673 0.8 425 3.542744965860586e+17 308387072494176.0 203
29 673 0.8 426 1668105985167360.0 88871731200.0 200
29 673 0.8 427 4.4048892653228434e+21 1.3409150755711631e+18 200
29 673 0.8 428 2.106342048477391e+16 6760051417440.0 204
29 673 0.8 429 5.770932996521593e+18 5981910630451200.0 204
29 673 0.8 430 2.509899150820883e+19 2.879203881109248e+16 203
29 673 0.8 431 1.469382289866268e+22 1.5611430666544755e+19 199
29 673 0.8 432 2.288873217031002e+20 2.7533273614238083e+17 202
29 673 0.8 433 5.736995623259165e+21 3.358313092320964e+17 202
29 673 0.8 434 1.3378489138625123e+17 100055409061632.0 204
29 673 0.8 435 4.273391257251359e+20 97326952531200.0 201
29 673 0.8 436 1.2937029598430875e+24 1.3158486447336566e+21 199
29 673 0.8 437 5.67062995032377e+16 4655754858240.0 205
29 673 0.8 438 536982884426560.0 1590220800.0 206
29 673 0.8 439 2.9044335144049537e+24 3.664682351174292e+21 198
29 673 0.8 440 2.747896595862797e+16 3848187248640.0 206
29 673 0.8 441 5.575465876894565e+23 7.16116886729516e+20 202
29 673 0.8 442 9.846442216888369e+20 4.820200638824563e+17 203
29 673 0.8 443 1.8577609016876901e+21 1.778819539490958e+18 202
29 673 0.8 444 7.43757054912491e+16 11916546905088.0 203
29 673 0.8 445 6.804406466531718e+16 59832305510400.0 204
29 673 0.8 446 1.588020550427983e+17 41294190420000.0 204
29 673 0.8 447 1.2423438342591447e+18 9028621946880.0 201
29 673 0.8 448 8.7573063899083e+16 42938891182080.0 204
29 673 0.8 449 1.804600262558769e+22 1.5620806331733447e+19 201
29 673 0.8 450 9.285463408574512e+19 1.0505108665569038e+17 204
29 673 0.8 451 1.5289201223741948e+19 1.06139883935232e+16 202
29 673 0.8 452 2.810274470751838e+17 244505834735616.0 205
29 673 0.8 453 9.90253141085431e+18 150891077449728.0 201
29 673 0.8 454 1.4478153844164035e+20 2.939899239977011e+16 200
29 673 0.8 455 9.613438717973047e+19 1.5236066158129152e+16 201
29 673 0.8 456 446838239754240.0 23501242368.0 202
29 673 0.8 457 3.769684101969322e+16 13341681097920.0 203
29 673 0.8 458 162961900017840.0 9107390208.0 204
29 673 0.8 459 1.271291383615193e+23 1.3874760365169295e+20 201
29 673 0.8 460 4.696792345645239e+20 4.751924553047422e+17 204
29 673 0.8 461 1.6191250838641495e+20 9.5284340016696e+16 202
29 673 0.8 462 1264187103491214.0 9322251120.0 204
29 673 0.8 463 9.824851696614427e+18 9368701175232.0 202
29 673 0.8 464 1.9297142597513155e+18 110240729395200.0 205
29 673 0.8 465 6.817022978946012e+19 7.074668842507181e+16 203
29 673 0.8 466 276721939571328.0 293493860352.0 206
29 673 0.8 467 5090154335152128.0 4899203979264.0 206
29 673 0.8 468 4.893811748534003e+19 2.939464558778192e+16 204
29 673 0.8 469 2.128828229687223e+21 9.524040962115041e+17 201
29 673 0.8 470 1.729716751480009e+21 7.623354790493395e+17 200
29 673 0.8 471 8.77014656754647e+21 7.885016826413201e+18 200
29 673 0.8 472 1.3296254979556864e+23 9.470877555203085e+19 199
29 673 0.8 473 3.4446503322607944e+20 1.6421605174525824e+16 203
29 673 0.8 474 4.596344139724185e+17 231885326131200.0 205
29 673 0.8 475 3.46933246722478e+18 2920178831164672.0 203
29 673 0.8 476 6388238197118320.0 1613224776384.0 203
29 673 0.8 477 1.8679908325968826e+23 2.6343280760469756e+20 203
29 673 0.8 478 2.107743928961616e+18 13268791388160.0 202
29 673 0.8 479 5.208729813242546e+19 2.670415832028605e+16 199
29 673 0.8 480 3.9164022507867415e+19 3.539112584159693e+16 203
29 673 0.8 481 3.846154031867699e+16 2096109895680.0 203
29 673 0.8 482 2.541760811732491e+20 3.746831024362291e+16 200
29 673 0.8 483 1.596725774322129e+21 228318003763200.0 202
29 673 0.8 484 5.233314371242513e+18 4384565127953664.0 203
29 673 0.8 485 1.160194416711578e+18 573607481688000.0 204
29 673 0.8 486 6161687900018688.0 13854965760.0 200
29 673 0.8 487 2.316449335518388e+17 98612263342080.0 203
29 673 0.8 488 6.052067971773573e+17 670103991198720.0 207
29 673 0.8 489 5.516006446670899e+16 51466512678912.0 204
29 673 0.8 490 1.3086664196941152e+16 4102343884800.0 205
29 673 0.8 491 1.1985688773092413e+19 8678605560861600.0 203
29 673 0.8 492 4.745647296694416e+18 525127332556800.0 201
29 673 0.8 493 2.763415812060669e+20 2.914203207861823e+17 203
29 673 0.8 494 1.29627116146949e+18 1032086590076160.0 203
29 673 0.8 495 1.0558098693348006e+18 686975622908400.0 202
29 673 0.8 496 2.7417272144912896e+19 7874192958651648.0 201
29 673 0.8 497 2.0043494814442576e+21 2.277173399385047e+18 203
29 673 0.8 498 1.162267276136877e+24 1.479557788797985e+21 201
29 673 0.8 499 3.775983087704777e+19 3.186170865483329e+16 205
29 673 0.8 500 2.5190314949350605e+17 3640627166400.0 205
29 673 0.8 501 1.5236646995732988e20 1.902302628198072e17 203
29 673 0.8 502 3.558846959864066e18 2.304066366179456e15 201
29 673 0.8 503 3.225463260947712e16 3.6249265152e13 206
29 673 0.8 504 3.2114812361024625e18 1.6662961203072e15 204
29 673 0.8 505 9.393334310946438e20 1.9937961595296e15 202
29 673 0.8 506 6.800289114534286e20 4.569868305404928e15 200
29 673 0.8 507 6.259657872004726e18 6.121294608384e15 204
29 673 0.8 508 5.349755133952922e23 1.0730206607760373e20 201
29 673 0.8 509 4.3979252322066463e18 1.444205515903488e15 205
29 673 0.8 510 4.016237413265904e21 2.9180600425872517e18 201
29 673 0.8 511 4.344816325425454e20 2.0423136642976973e17 201
29 673 0.8 512 1.5876219645008163e19 1.49354837419008e16 203
29 673 0.8 513 1.8320094063567457e20 1.73058028222464e17 201
29 673 0.8 514 4.030358296309508e17 3.598327864656e14 205
29 673 0.8 515 6.985803185253591e23 5.4732500259831926e20 200
29 673 0.8 516 2.2946516374317148e18 1.46315181053664e14 202
29 673 0.8 517 2.6127987223400934e21 2.0992942827364193e18 200
29 673 0.8 518 4.978758810143491e19 2.276558679021005e16 203
29 673 0.8 519 1.82996579099884e18 5.97802641408e13 202
29 673 0.8 520 3.707625689517834e18 3.7004132745216e15 205
29 673 0.8 521 1.8485609394069294e20 2.0051357283680256e17 202
29 673 0.8 522 2.674006556575448e21 2.808852948283684e18 202
29 673 0.8 523 1.3289460813184704e16 2.20141130976e12 203
29 673 0.8 524 2.6225580888840782e20 1.6462538457378816e17 204
29 673 0.8 525 2.3568602937689093e18 1.31197881217344e15 202
29 673 0.8 526 1.949393231451332e19 1.329805259732352e16 202
29 673 0.8 527 1.3160360261048357e19 5.748534281934576e15 202
29 673 0.8 528 3.599267852380416e15 1.45031668992e11 203
29 673 0.8 529 5.4354991472050176e17 3.42386665979904e14 203
29 673 0.8 530 7.970678240197674e20 4.2482837264489165e17 202
29 673 0.8 531 2.0727513874165366e18 1.32428594530752e15 201
29 673 0.8 532 4.911976544908529e19 5.115273586887222e16 205
29 673 0.8 533 4.617688987994206e18 2.834015735503872e15 201
29 673 0.8 534 8.226002144604681e17 5.01012115414848e14 203
29 673 0.8 535 3.294162508400295e20 3.0006018357099725e17 204
29 673 0.8 536 1.44592350691541e17 1.5349160411136e14 205
29 673 0.8 537 2.6791281765208205e17 4.3519560581376e13 203
29 673 0.8 538 3.9470850493377853e18 5.5094122512e11 203
29 673 0.8 539 4.417508932229878e20 4.9987444286029824e17 203
29 673 0.8 540 3.610181319407376e16 1.185287525568e13 204
29 673 0.8 541 4.228951762347767e18 1.7389414598112e15 203
29 673 0.8 542 1.565465925669265e20 1.5680760164591616e17 199
29 673 0.8 543 2.495519217108844e20 1.89012032907264e16 200
29 673 0.8 544 4.21857911974848e14 3.6956939328e11 205
29 673 0.8 545 1.5531900582334665e19 1.63892305833696e16 205
29 673 0.8 546 8.429193814479877e16 1.45735834176e13 203
29 673 0.8 547 2.7427601606515756e20 7.862742288565248e15 200
29 673 0.8 548 2.35449065952e16 1.5503954190336e13 203
29 673 0.8 549 1.9416389170542198e17 1.14894726112512e14 202
29 673 0.8 550 9.724955305988736e16 4.6312698765312e13 204
29 673 0.8 551 3.6534536951185998e19 3.35307452200012e16 201
29 673 0.8 552 8.675022924244661e19 7.692018159470112e16 202
29 673 0.8 553 3.9849226205614054e17 3.27793650149184e14 205
29 673 0.8 554 1.616467444615008e17 1.734693408e14 203
29 673 0.8 555 2.027170651358628e20 1.853508843531141e17 202
29 673 0.8 556 7.441765352596027e18 1.3809690611712e15 202
29 673 0.8 557 5.952789863148134e21 2.057329357054378e18 200
29 673 0.8 558 7.07169531039391e21 5.800867700556521e18 202
29 673 0.8 559 4.1447862052242496e20 2.196246845660719e17 201
29 673 0.8 560 1.0486698028351789e22 3.406941028452726e18 202
29 673 0.8 561 4.142714228931264e15 1.319601862656e12 204
29 673 0.8 562 8.686946371101907e18 1.0218361870938816e16 204
29 673 0.8 563 2.1999479185997376e17 1.75510985437696e14 204
29 673 0.8 564 2.720430706176145e21 2.392127021923001e18 202
29 673 0.8 565 8.563857112101888e16 5.6020122648576e13 205
29 673 0.8 566 1.0743613927862138e21 1.0791065668655739e18 200
29 673 0.8 567 5.566668966646776e22 5.660083595699867e19 202
29 673 0.8 568 2.895096115299434e24 1.0616011695747265e20 197
29 673 0.8 569 1.236531153180312e22 4.0914653496811986e18 201
29 673 0.8 570 1.993237077824688e20 5.32469698258104e16 202
29 673 0.8 571 1.581252290544168e22 5.096766317775096e18 202
29 673 0.8 572 5.724298238356719e19 6.1100837512596e16 203
29 673 0.8 573 3.2087309867099397e20 2.0944067607947693e17 201
29 673 0.8 574 1.9405552590801297e19 7.05783435264e12 201
29 673 0.8 575 1.4056451457906115e21 5.1956380098648576e17 203
29 673 0.8 576 4.751412147798324e19 3.055247998866432e16 201
29 673 0.8 577 3.022406741664873e20 2.6253766150336275e17 203
29 673 0.8 578 1.412179954482111e18 1.3758269769216e15 204
29 673 0.8 579 1.1287489155195458e23 5.09079343295456e19 200
29 673 0.8 580 1.9509433981725095e22 1.9454738352017375e19 204
29 673 0.8 581 9.006213157453195e18 2.51473533202944e15 205
29 673 0.8 582 4.237391069968896e15 2.194536996864e12 204
29 673 0.8 583 8.701330339555584e15 2.41993433088e12 203
29 673 0.8 584 1.3331449212672e15 9.19351296e11 205
29 673 0.8 585 1.68282536950656e15 1.09726036992e12 205
29 673 0.8 586 7.259696125966986e19 5.868160247079936e16 202
29 673 0.8 587 1.8135902582897216e16 3.94476945408e12 204
29 673 0.8 588 3.541990948691656e17 1.489315105152e13 201
29 673 0.8 589 4.603287447426715e17 2.82387523197312e14 206
29 673 0.8 590 3.422623390536624e19 2.6209636685762036e16 201
29 673 0.8 591 2.6759471645920388e23 4.3668757071887335e19 199
29 673 0.8 592 1.727895069135312e17 6.057430170624e13 201
29 673 0.8 593 1.4241308431589478e20 1.6316766109534458e17 202
29 673 0.8 594 5.9803361075147596e19 7.45950407625216e15 201
29 673 0.8 595 1.3611875035014282e24 3.6674021333159707e20 200
29 673 0.8 596 2.59420927810561e19 2.622687454568448e15 200
29 673 0.8 597 2.4041123421947523e21 1.5746114790138432e16 202
29 673 0.8 598 5.08633459421616e14 6.1108992e10 205
29 673 0.8 599 1.3476930630804534e22 1.5373249547527066e19 201
29 673 0.8 600 6.488983005714786e19 6.619328960447232e16 203
29 673 0.8 601 5.770635525732529e17 9.0922384896e12 203
29 673 0.8 602 1.4263528744352029e20 8.787980680656691e16 204
29 673 0.8 603 3.8448686430481766e17 9.3870869704704e13 203
29 673 0.8 604 1.0169950285882657e22 8.473980921620728e18 202
29 673 0.8 605 1.7549378303632e13 7.703046816e9 201
29 673 0.8 606 3.243060120667376e21 5.81247940913576e17 202
29 673 0.8 607 2.0638754763636817e24 2.0533780327378555e21 200
29 673 0.8 608 1.1324189213537511e22 9.851220195669043e16 199
29 673 0.8 609 7.458211460905545e19 5.974913727332352e16 202
29 673 0.8 610 7.538515437945956e19 3.195488345124211e16 200
29 673 0.8 611 4.4405752859186135e18 3.152190906963904e15 203
29 673 0.8 612 6.0833736946174625e22 1.8785466503080673e19 198
29 673 0.8 613 1.2243778450405598e22 1.2044076779634336e19 202
29 673 0.8 614 1.6183156428665395e17 5.9916530884608e13 204
29 673 0.8 615 4.530106917255505e21 1.9849555378277222e18 200
29 673 0.8 616 1.1095797823403436e19 5.34089700900504e15 204
29 673 0.8 617 2.8617870548356484e21 4.861277503488e15 201
29 673 0.8 618 2.3204412324538336e17 1.03815875503872e14 203
29 673 0.8 619 9.450581770276143e18 5.644224073728e12 202
29 673 0.8 620 7.442874950234336e21 6.968058455318569e18 202
29 673 0.8 621 1.7430305585607485e18 2.96718245622144e14 201
29 673 0.8 622 5.541978432512277e19 2.6804865645336e16 201
29 673 0.8 623 9.180852929094906e22 6.9392590418790105e19 199
29 673 0.8 624 4.6072397749978527e18 2.152888823737344e15 203
29 673 0.8 625 2.669767348551879e19 1.1748852550458432e16 203
29 673 0.8 626 1.9528333894740634e18 4.49548772253696e14 203
29 673 0.8 627 1.6993491944349012e21 9.03092185364794e17 200
29 673 0.8 628 2.592965886497474e17 3.99850178112e12 201
29 673 0.8 629 3.824221141554789e20 2.189728448757596e17 203
29 673 0.8 630 7.879315706590747e17 1.755946708992e12 202
29 673 0.8 631 2.128344112981208e19 1.7678955255822336e16 202
29 673 0.8 632 1.8930937869473673e22 2.074469122222159e19 203
29 673 0.8 633 1.8753865161656976e16 6.36089096448e12 203
29 673 0.8 634 9.24534035917822e18 1.0465636752470592e16 205
29 673 0.8 635 4.8543694500949836e19 6.2677575275904e16 202
29 673 0.8 636 1.309880498445874e21 9.286477830390989e17 201
29 673 0.8 637 3.314910992876328e23 3.140379412087278e20 199
29 673 0.8 638 5.290013323582415e21 2.323666286446904e18 201
29 673 0.8 639 1.5190366947306916e19 8.771004772069644e15 202
29 673 0.8 640 1.52905639811328e14 1.3972912128e10 204
29 673 0.8 641 9.402270570713088e15 2.09544413184e12 202
29 673 0.8 642 1.5636866650630737e22 6.226414315411092e18 199
29 673 0.8 643 4.008429343687263e20 3.573857784682506e17 203
29 673 0.8 644 3.722646592427098e16 1.691986931712e12 203
29 673 0.8 645 4.1166444703110605e17 2.3752962630144e14 202
29 673 0.8 646 3.405128748422714e18 3.3393739831296e14 204
29 673 0.8 647 6.325285425303168e15 3.5241702912e12 204
29 673 0.8 648 9.127066429884391e21 6.679480866743992e17 203
29 673 0.8 649 1.8210691840944924e20 6.8493897007104e16 202
29 673 0.8 650 2.408661192082277e16 1.650798952704e12 203
29 673 0.8 651 2.9146323948621404e18 1.754313778814976e15 202
29 673 0.8 652 3.1404907278955584e16 4.133376e8 201
29 673 0.8 653 1.4163330255649009e18 8.2431007368192e14 203
29 673 0.8 654 5.740040297077626e21 6.155111818391673e18 201
29 673 0.8 655 4.4999197122896064e17 1.303881981696e14 203
29 673 0.8 656 3.332153509769072e20 3.3038578129896e17 203
29 673 0.8 657 8.881838788277638e19 5.887091546515008e16 203
29 673 0.8 658 8.2364415654655e16 2.370628638144e13 204
29 673 0.8 659 6.94401143294255e20 3.0266525891309146e17 200
29 673 0.8 660 3.2791445146263763e17 6.101962965504e13 200
29 673 0.8 661 2.389564154602256e22 2.8703893049257378e19 202
29 673 0.8 662 1.1627896858540042e18 9.09055507503744e14 204
29 673 0.8 663 4.6897607200632015e23 6.344516353226978e20 202
29 673 0.8 664 2.6842605412208665e19 1.979076276054835e16 204
29 673 0.8 665 3.284796865366369e18 2.972385922424832e15 202
29 673 0.8 666 8.921319771569053e18 1.18233615943872e14 201
29 673 0.8 667 3.256988379469336e17 1.425239875584e13 202
29 673 0.8 668 8.524815714963546e16 8.6183547299328e13 203
29 673 0.8 669 1.1426488148033587e20 1.2107126680559232e17 202
29 673 0.8 670 4.493269920088224e16 3.25265550336e13 205
29 673 0.8 671 1.8714226569134559e18 2.87497417454208e14 199
29 673 0.8 672 8.417123899415136e15 7.28660523168e12 205
29 673 0.8 673 1.2041525191513037e17 1.03355075441664e14 204
29 673 0.8 674 1.5769528349970268e20 1.3032680041439755e17 204
29 673 0.8 675 6.740352497429484e19 6.294640597814554e16 203
29 673 0.8 676 2.4495935319427974e22 2.803659816947794e19 200
29 673 0.8 677 1.716892640953858e20 7.23495516208704e14 202
29 673 0.8 678 2.3054137982156677e19 1.566730147343238e16 204
29 673 0.8 679 1.1155204245165325e18 1.4406571160064e14 202
29 673 0.8 680 5.815680010863616e20 8.9842553450496e14 200
29 673 0.8 681 3.6448090394894935e23 3.3025086013854155e20 199
29 673 0.8 682 6.47013462107967e17 4.011412896e12 202
29 673 0.8 683 1.0356003410861317e20 6.923466296332186e16 203
29 673 0.8 684 4.446875216706624e16 1.6755250692096e13 204
29 673 0.8 685 1.2658203733970528e19 1.7756987609088e15 202
29 673 0.8 686 2.917731550286968e18 6.2434130993568e14 202
29 673 0.8 687 1.65059324043264e15 7.038959616e9 207
29 673 0.8 688 1.3303277551139144e18 8.123258244096e14 203
29 673 0.8 689 5.584317160088264e18 5.07001117722624e15 203
29 673 0.8 690 1.2791978312751697e20 1.1251276359042048e17 201
29 673 0.8 691 1.929181335002988e22 1.3401941722932992e19 201
29 673 0.8 692 1.005168114161069e22 1.2350540587193926e19 201
29 673 0.8 693 3.3332179533929824e19 3.27725740457856e16 204
29 673 0.8 694 4.9920524229909094e19 3.273905734478875e16 200
29 673 0.8 695 2.893216005002184e17 3.1711985422848e14 204
29 673 0.8 696 1.809354019281408e16 2.644302495744e12 200
29 673 0.8 697 1.3210267141737107e20 1.8583747015536e13 201
29 673 0.8 698 1.595998000096e14 8.4672e7 203
29 673 0.8 699 7.577439996376287e18 2.41614876672e12 202
29 673 0.8 700 2.954836329256957e20 8.37177566404608e15 201
29 673 0.8 701 4.1502371233585126e21 2.382364289435387e17 199
29 673 0.8 702 4.44634756234816e14 3.55356574288e11 206
29 673 0.8 703 1.4282425074605373e19 1.3767606907655424e16 203
29 673 0.8 704 8.713596777623608e18 1.490646968600832e15 201
29 673 0.8 705 5.947572367205833e24 1.8209204688093965e21 198
29 673 0.8 706 8.237256567318337e20 4.6856305762832794e17 199
29 673 0.8 707 1.5150457544562512e19 4.096942171564032e15 201
29 673 0.8 708 4.61867704384e14 7.163904e10 203
29 673 0.8 709 2.306433418863725e24 2.269492138918436e21 198
29 673 0.8 710 1.3937687060423693e17 9.80407749888e13 203
29 673 0.8 711 1.147844019424297e18 2.624034963456e13 202
29 673 0.8 712 2.3595993263258277e21 9.499712655063859e17 199
29 673 0.8 713 2.0641986783245625e20 7.199770908101875e16 202
29 673 0.8 714 9.671469752955392e17 2.438258236416e14 202
29 673 0.8 715 4.792046139509134e19 4.534979030795776e15 201
29 673 0.8 716 6.353054881089951e20 2.804511787149312e15 202
29 673 0.8 717 7.985254984183876e20 7.787677340425974e17 201
29 673 0.8 718 2.4216155753949535e21 6.702517056759552e16 199
29 673 0.8 719 1.0406401395904982e16 7.490143051248e12 205
29 673 0.8 720 9.48151783163689e21 3.8722163794388265e18 202
29 673 0.8 721 1.1507597506577439e20 6.319550367296525e16 201
29 673 0.8 722 2.609367781753085e16 1.03485092832e13 203
29 673 0.8 723 1.3061093366316178e21 1.0282257006825888e18 201
29 673 0.8 724 5.203492947073285e21 4.5650204476043904e18 203
29 673 0.8 725 4.43948889437016e19 1.18772988717312e15 202
29 673 0.8 726 2.980436443187328e15 5.8941582336e11 203
29 673 0.8 727 2.2969694690767977e21 3.1706172457867356e18 203
29 673 0.8 728 2.2632713773667758e18 7.703942234112e13 203
29 673 0.8 729 2.6822211408642304e16 3.33809516544e13 207
29 673 0.8 730 1.410337346634384e16 5.259312585216e12 204
29 673 0.8 731 2.4447839969022624e17 1.5115984128e12 201
29 673 0.8 732 6.963437737931616e15 2.366889984e9 201
29 673 0.8 733 5.347135742599446e17 1.55149043328e13 200
29 673 0.8 734 2.7783385105054102e20 1.631626689658176e17 200
29 673 0.8 735 1.2864355787470623e22 1.3750109848763904e17 201
29 673 0.8 736 1.6717145029570138e17 6.547187232e12 202
29 673 0.8 737 4.589579235381985e18 3.4267228747776e15 205
29 673 0.8 738 2.1144095917928236e22 2.404568435030569e19 203
29 673 0.8 739 5.036601989185531e21 6.524435844209664e18 201
29 673 0.8 740 9.836285796625623e18 2.9750162817024e14 201
29 673 0.8 741 5.573509625590946e21 1.3251861488657203e18 203
29 673 0.8 742 3.049941124608e12 5.6669184e8 203
29 673 0.8 743 2.772089429596078e21 2.7387531086021837e18 202
29 673 0.8 744 8.6931113202144e19 7.117563278848e15 199
29 673 0.8 745 3.0003582717807768e23 5.731943412946178e19 198
29 673 0.8 746 3.4990579702118134e19 1.3478844808319616e16 202
29 673 0.8 747 5.783022470694126e16 8.339439516672e12 204
29 673 0.8 748 1.200428306583696e15 1.51367553792e12 205
29 673 0.8 749 1.4329501972291867e19 6.32545757593632e14 201
29 673 0.8 750 4.0011841592147e21 3.041254851758982e18 200
29 673 0.8 751 9.103103063550973e19 3.0240077658937344e16 202
29 673 0.8 752 2.889364180572489e18 6.18490329996672e14 203
29 673 0.8 753 9.213564956831453e16 3.639606403104e13 204
29 673 0.8 754 2.5971124761420352e17 9.8548469811072e13 201
29 673 0.8 755 4.357711067907854e19 4.55571869681664e16 203
29 673 0.8 756 4.188051170548692e19 4.098251549231565e16 203
29 673 0.8 757 3.745663045945416e17 1.3919876129952e14 205
29 673 0.8 758 7.918495539979169e17 5.89200422823936e14 206
29 673 0.8 759 1.8158917773575308e21 9.699652926138202e17 202
29 673 0.8 760 3.207684951540378e18 7.95704186112e14 202
29 673 0.8 761 2.703531450683117e16 1.56757474368e11 202
29 673 0.8 762 7.74845976300146e16 8.30033568e8 204
29 673 0.8 763 2.3075057860855952e21 2.181532344152616e17 200
29 673 0.8 764 7.158829654222218e20 4.019464397146579e17 202
29 673 0.8 765 4.961785160520337e19 2.111504805108468e16 201
29 673 0.8 766 7.70700026624933e18 3.638701262378232e15 202
29 673 0.8 767 2.0961659127497306e22 1.0770620076990259e18 200
29 673 0.8 768 1.5450124681461137e20 2.002873344556032e16 202
29 673 0.8 769 2.5733377779007104e16 3.879694578816e12 199
29 673 0.8 770 1.2444372809577907e17 3.06414356976e13 204
29 673 0.8 771 4.486384305977084e19 3.434399239583664e16 203
29 673 0.8 772 3.862194161983719e17 4.44633120060768e14 205
29 673 0.8 773 1.765880304028803e18 7.10392725504e14 200
29 673 0.8 774 5.892515839223923e21 6.316689912748652e17 202
29 673 0.8 775 3.5495567671767194e17 3.00170401344e14 203
29 673 0.8 776 6.071238155394339e20 4.152746754569975e17 203
29 673 0.8 777 1.636756026308646e20 8.100538105628877e16 201
29 673 0.8 778 3.589976025905705e20 3.525130397122459e17 202
29 673 0.8 779 1.9293038856660297e22 7.742479590184714e18 201
29 673 0.8 780 8.18696289781926e19 4.864944796327296e16 202
29 673 0.8 781 1.369684148288233e18 1.530787258368e13 200
29 673 0.8 782 1.586574995256176e16 7.422527645952e12 203
29 673 0.8 783 1.2514219475383111e20 4.2252780653184e15 200
29 673 0.8 784 2.2019523742326528e17 4.6464897024e13 204
29 673 0.8 785 4.48995671912448e15 4.46082121728e12 205
29 673 0.8 786 5.673150479353336e17 6.7534340514048e14 205
29 673 0.8 787 1.8209636751244122e19 1.566879374112768e16 203
29 673 0.8 788 6.09369323161216e14 1.26017736e11 202
29 673 0.8 789 1.6469557412693798e21 3.918872076288e15 201
29 673 0.8 790 2.6505278154066106e17 2.2117344657408e14 205
29 673 0.8 791 5.942374213302642e20 1.8509949021291264e16 202
29 673 0.8 792 1.1938131612026315e20 1.1193149861391974e17 202
29 673 0.8 793 3.2482224849734386e19 1.1900764643328e13 203
29 673 0.8 794 4.5738396875167624e21 6.682822256785766e18 204
29 673 0.8 795 1.3976160424951577e19 1.706067759828096e15 203
29 673 0.8 796 3.3460912023197157e21 2.4918191867200205e18 202
29 673 0.8 797 3.1061629621958257e18 1.546215273365504e15 201
29 673 0.8 798 1.4829257028709995e23 1.3535598746820947e20 201
29 673 0.8 799 3.0333793321133445e21 1.7786299933533542e18 201
29 673 0.8 800 8.450731452575462e17 5.702578495488e14 200
29 673 0.8 801 3.8647964458622765e17 3.83328847706112e14 206
29 673 0.8 802 1.1547261927190397e17 3.4333913252736e13 206
29 673 0.8 803 8.090080660016754e18 4.994832061599744e15 203
29 673 0.8 804 8.020270717937728e22 5.119271341016136e19 200
29 673 0.8 805 4.56184355612597e17 4.87083025634688e14 204
29 673 0.8 806 7.338671098435584e15 6.03256356864e12 207
29 673 0.8 807 8.117433130892134e19 7.337649109465498e16 202
29 673 0.8 808 1.4481249078779691e20 6.107215114893312e15 200
29 673 0.8 809 8.560763063993809e17 7.81470461899392e14 204
29 673 0.8 810 7.792132625664537e20 1.665618480512686e17 203
29 673 0.8 811 8.390570817710054e16 6.6605400244224e13 205
29 673 0.8 812 3.205749379919627e21 3.777750736562035e18 201
29 673 0.8 813 4.188140490270932e22 3.3831730294347203e19 202
29 673 0.8 814 2.4407444506180646e17 2.664436064256e14 205
29 673 0.8 815 9.351796073227056e16 1.772211737088e13 202
29 673 0.8 816 1.558346582464431e21 1.313401853879868e18 203
29 673 0.8 817 9.697253733631872e17 6.5874151972224e14 203
29 673 0.8 818 8.827901144732192e20 1.2017758089880627e17 203
29 673 0.8 819 6.116038865239641e19 4.322384723180088e16 203
29 673 0.8 820 1.1926332419619152e21 1.374499792084009e18 202
29 673 0.8 821 1.0162863979825375e19 1.33492283638272e16 206
29 673 0.8 822 5.92988050368e11 5.821632e7 205
29 673 0.8 823 6.591184142985515e18 3.25910000756736e15 203
29 673 0.8 824 1.808261583674565e20 1.4553110119642214e17 203
29 673 0.8 825 1.8761049960264916e18 8.9540542412064e14 202
29 673 0.8 826 1.529224606112698e21 7.091436335975956e17 201
29 673 0.8 827 4.754953944163176e19 1.5284709642488832e16 202
29 673 0.8 828 3.93634957012992e14 7.3224290304e10 205
29 673 0.8 829 9.998621718305782e18 1.263160931436288e16 204
29 673 0.8 830 7.998691352049623e19 1.78250207917392e16 201
29 673 0.8 831 5.1263249525829894e19 2.688372187698512e16 202
29 673 0.8 832 4.364629695061478e16 1.1721318552576e13 204
29 673 0.8 833 7.559121223402337e19 6.80378984874e16 203
29 673 0.8 834 7.247423454872364e18 7.03560464400384e15 202
29 673 0.8 835 1.4697017526385019e22 1.2259077431982832e19 203
29 673 0.8 836 1.3909886571775334e18 1.000141218456576e15 204
29 673 0.8 837 2.2339923533440447e20 2.5500918873070694e17 203
29 673 0.8 838 7.827598441588371e21 7.295748483559785e18 201
29 673 0.8 839 4.564437905112187e19 3.533672933511168e16 202
29 673 0.8 840 1.39648551352416e14 7.791132096e10 206
29 673 0.8 841 4.332271304729024e19 1.2577149427968e13 202
29 673 0.8 842 5.218607792822223e18 2.9360761366944e15 203
29 673 0.8 843 1.1033462802530304e17 1.0281849716736e13 201
29 673 0.8 844 1.8864115311541478e21 1.004865250459475e18 199
29 673 0.8 845 6.382365441150186e20 2.8321830236571456e17 202
29 673 0.8 846 2.8452540031013962e20 2.1162922487926502e17 199
29 673 0.8 847 2.3674670140838555e23 3.802938770132711e20 204
29 673 0.8 848 2.759901905339925e21 2.7346959227010816e18 202
29 673 0.8 849 3.3441619768216356e21 3.7962893305240786e18 203
29 673 0.8 850 2.006791784330475e19 7.143643696155834e15 203
29 673 0.8 851 7.082866097413646e19 4.171625247835008e16 203
29 673 0.8 852 2.323358761851561e18 2.3659993029024e15 204
29 673 0.8 853 1.2861964046576652e23 1.4987699238591588e20 201
29 673 0.8 854 2.8195519600604797e20 3.1332070351335936e17 203
29 673 0.8 855 1.281896311998597e18 5.60249208078336e14 205
29 673 0.8 856 3.490267941517713e22 2.5331393151634026e19 200
29 673 0.8 857 8.330012404347938e22 9.204911017630717e19 202
29 673 0.8 858 5.726115659890085e22 4.055209650277553e19 200
29 673 0.8 859 2.922509634371555e19 1.98623983244832e16 202
29 673 0.8 860 1.6606623986132626e18 2.33667296059392e14 202
29 673 0.8 861 4.28271852755712e14 1.4735464704e11 207
29 673 0.8 862 9.946630914836086e20 9.110784827734871e17 202
29 673 0.8 863 1.304323042542078e19 8.62491245527296e15 203
29 673 0.8 864 1.04106318941772e17 6.670035289152e13 204
29 673 0.8 865 8.739237274382328e20 5.82658219283161e16 199
29 673 0.8 866 1.6110011586542438e19 1.41844677641856e16 205
29 673 0.8 867 7.326257934412973e17 2.65410179328e14 203
29 673 0.8 868 1.0500794348369672e22 8.017337080450308e18 203
29 673 0.8 869 5.849497986165394e17 6.99971580630336e14 206
29 673 0.8 870 2.2377044966756522e23 1.2275127593380119e20 199
29 673 0.8 871 1.1574678609319025e18 6.0983670946176e13 202
29 673 0.8 872 7.55461109976646e19 1.0053292233682944e16 201
29 673 0.8 873 5.546556923683666e19 4.81590144e13 200
29 673 0.8 874 2.0045788697091335e22 1.7214551525606466e19 201
29 673 0.8 875 2.911654112818444e22 1.8897153834739524e19 199
29 673 0.8 876 1.1562773027328e14 4.0310784e10 206
29 673 0.8 877 1.1564794775880955e20 1.702684341891072e15 200
29 673 0.8 878 2.6927043972875305e19 1.5319948138639104e16 203
29 673 0.8 879 1.0918664644710789e21 1.6532654449567232e17 202
29 673 0.8 880 1.2948724607987076e21 7.14152046117888e16 204
29 673 0.8 881 1.577233748636448e15 8.385312768e9 204
29 673 0.8 882 9.41900260771122e18 4.29884445247488e14 202
29 673 0.8 883 2.1633026855259025e19 1.596866752512e13 203
29 673 0.8 884 6.6775839336278725e22 3.1009495180649038e19 201
29 673 0.8 885 8.427303445555528e17 8.29086144431872e14 206
29 673 0.8 886 2.3225959916432064e16 1.2063518275104e13 204
29 673 0.8 887 1.647907438791702e20 1.3052514400493568e16 201
29 673 0.8 888 3.921514360573033e17 1.7087404179456e14 203
29 673 0.8 889 6.899000460128731e19 6.656042797383168e16 203
29 673 0.8 890 1.3276892945313792e17 4.19452452864e13 205
29 673 0.8 891 2.935634191680681e18 1.222834888015872e15 202
29 673 0.8 892 1.0138632932907994e17 4.0504435679232e13 204
29 673 0.8 893 7.993190797035264e15 1.060356096e12 203
29 673 0.8 894 5.423099736859337e19 1.121603726721024e16 203
29 673 0.8 895 5.57867252016913e17 4.4459585961216e14 206
29 673 0.8 896 4.772875406321632e17 2.13533065728e14 201
29 673 0.8 897 3.697649293611189e20 2.2884481890779008e17 202
29 673 0.8 898 3.531013204337211e19 4.597427229671328e15 200
29 673 0.8 899 1.9629307419741117e20 2.245685557787136e17 204
29 673 0.8 900 9.966063731474983e18 5.734116719050752e15 202
29 673 0.8 901 7.431697725514445e16 4.422505070592e12 200
29 673 0.8 902 4.325983575856084e19 3.396853545064589e16 203
29 673 0.8 903 8.607068705447675e22 1.0775405941425963e20 200
29 673 0.8 904 8.262033675186704e19 1.8070139969761344e16 201
29 673 0.8 905 1.3410314255570188e19 1.4153749535232e14 202
29 673 0.8 906 4.228190380693563e22 9.559447651108864e18 200
29 673 0.8 907 1.4354603864997704e21 9.588773860329715e17 202
29 673 0.8 908 2.454792914468281e19 1.852862721163571e16 203
29 673 0.8 909 3.43358652634026e17 1.7113155111264e14 204
29 673 0.8 910 1.929070532539416e16 3.4249248e11 202
29 673 0.8 911 2.964972975778984e17 1.16866839836448e14 204
29 673 0.8 912 8.934624746863673e19 1.03037292793584e17 201
29 673 0.8 913 4.2008304075242153e18 5.45373727996416e14 204
29 673 0.8 914 5.593987111234501e17 1.096187904e10 202
29 673 0.8 915 5.749058371987201e20 6.418305865406713e16 202
29 673 0.8 916 1.3165431230690054e19 5.04993606340608e15 202
29 673 0.8 917 6.802982046414513e20 8.791592576810515e17 203
29 673 0.8 918 1.3763115754005811e22 3.976413817352743e18 201
29 673 0.8 919 7.394692867499568e19 1.32000202801152e15 201
29 673 0.8 920 1.1990505566239864e23 7.034556782928674e19 200
29 673 0.8 921 1.4126517518995195e18 9.0032679804672e14 202
29 673 0.8 922 2.534199647185243e22 2.259266730046051e19 201
29 673 0.8 923 1.951865632865884e17 1.9854968832e10 203
29 673 0.8 924 6.992699699012357e20 7.149540734094054e17 202
29 673 0.8 925 4.602015360342491e18 1.00822920424128e14 203
29 673 0.8 926 2.0605372560269222e17 1.78290403237248e14 204
29 673 0.8 927 5.600168397884621e16 4.0994900803584e13 205
29 673 0.8 928 6.373947046488189e20 3.1511596190032435e17 201
29 673 0.8 929 1.2991128367002087e19 2.3446520643744e15 201
29 673 0.8 930 3.0331694528033304e21 1.2823630051231273e18 201
29 673 0.8 931 2.1259985992318292e21 7.086349265304096e17 200
29 673 0.8 932 5.545530389139407e18 2.49478520065536e15 203
29 673 0.8 933 1.2143594297260329e20 1.0939137136214134e17 203
29 673 0.8 934 4.16354038231304e18 1.94865766292736e15 204
29 673 0.8 935 2.5466503661161907e18 4.336084224e10 200
29 673 0.8 936 5.453250561522598e19 1.8094643809421184e16 202
29 673 0.8 937 1.9969023435696262e20 5.045439526661376e16 203
29 673 0.8 938 4.2540014280811254e18 1.5242674452768e15 201
29 673 0.8 939 4.86631261794048e16 3.48642491904e13 204
29 673 0.8 940 2.716880754796416e15 1.0217285568e12 204
29 673 0.8 941 5.003045856646828e20 2.686050903942097e17 200
29 673 0.8 942 1.7075989064249392e22 1.5265359679748432e19 201
29 673 0.8 943 1.6173538069307766e20 6.715675794839962e16 201
29 673 0.8 944 3.691331732014077e18 1.31146861636224e15 204
29 673 0.8 945 5.096800180987159e18 2.579397568072704e15 201
29 673 0.8 946 2.858420967658046e20 1.6954434376704e15 203
29 673 0.8 947 1.0812001906216608e17 1.766919063168e13 204
29 673 0.8 948 1.46252758645013e17 8.63778594816e12 201
29 673 0.8 949 1.059306680499817e17 6.1466353072128e13 204
29 673 0.8 950 2.5956785503091347e21 2.562283026939734e18 202
29 673 0.8 951 6.253888912592199e20 8.036255007722885e17 203
29 673 0.8 952 7.468379979264e12 2.02309632e9 205
29 673 0.8 953 7.904622395520299e20 2.870668656757993e17 202
29 673 0.8 954 4.652533707078624e18 1.0851712337088e15 202
29 673 0.8 955 5.790832794709496e20 3.1576012243956634e17 203
29 673 0.8 956 3.142961355161299e21 2.4588686392017144e16 198
29 673 0.8 957 2.0714927331057254e17 7.085164068864e13 204
29 673 0.8 958 9.249245221119117e22 7.04554215179128e19 200
29 673 0.8 959 1.8028777897237604e18 1.706734981021824e15 203
29 673 0.8 960 5.785517112519302e16 3.2161867042176e13 203
29 673 0.8 961 2.6261656212952937e21 3.5460967886756905e18 204
29 673 0.8 962 7.626738966221887e21 9.019990924691599e18 203
29 673 0.8 963 5.029102509550859e21 5.083336311772764e18 202
29 673 0.8 964 5.063113625380544e15 2.7669098496e12 205
29 673 0.8 965 1.70566581648384e14 1.4189395968e10 205
29 673 0.8 966 2.6360517518469333e19 1.18008870617088e16 203
29 673 0.8 967 6.478010110241065e18 4.6924043301888e15 199
29 673 0.8 968 3.830159139412516e21 2.1209810759204897e18 200
29 673 0.8 969 3.965235445096118e18 6.19097998601856e14 203
29 673 0.8 970 4.840800229093234e16 7.87968e9 205
29 673 0.8 971 1.9617145934180437e20 9.964380665072661e16 202
29 673 0.8 972 2.194013796668115e19 2.2166816109031776e16 203
29 673 0.8 973 7.478131369907672e19 6.136110325867411e16 202
29 673 0.8 974 1.5629641531994317e18 1.09342209698304e14 203
29 673 0.8 975 1.2744944825222107e19 1.0410842222936064e16 202
29 673 0.8 976 2.7312486805261042e20 2.0485268549405392e17 204
29 673 0.8 977 1.5805440737216063e21 6.93852820907476e17 201
29 673 0.8 978 3.486723822408499e17 1.562532581376e14 205
29 673 0.8 979 6.487299095088e12 3.05856e7 204
29 673 0.8 980 2.7042134538909888e17 7.28086568832e13 205
29 673 0.8 981 1.310140624398496e15 5.6097611136e11 205
29 673 0.8 982 7.124186894858546e22 7.949813357902329e19 201
29 673 0.8 983 2.2684943121050016e17 5.763462336e13 203
29 673 0.8 984 3.8510696911001417e24 4.3302527057342303e21 198
29 673 0.8 985 4.526380045999446e21 4.526027121946683e18 200
29 673 0.8 986 3.6850448472139514e19 1.31662896026256e16 203
29 673 0.8 987 5.969670062839672e17 5.336149238784e13 203
29 673 0.8 988 7.467959544509029e21 2.913768680384924e18 198
29 673 0.8 989 1.1418565824782737e18 3.76673953321728e14 203
29 673 0.8 990 4.684970586096442e16 3.3646119858176e13 202
29 673 0.8 991 2.2640717095786522e18 1.618276112418816e15 202
29 673 0.8 992 1.0079791976040045e19 7.49376047038464e15 204
29 673 0.8 993 7.607806999526619e22 7.604349609083408e19 203
29 673 0.8 994 3.453324716218608e15 1.187581824e11 203
29 673 0.8 995 7.659884538703274e16 8.970017075712e12 202
29 673 0.8 996 1.4404868346940718e18 1.187398125075456e15 203
29 673 0.8 997 7.400441798890028e17 3.0295133025792e14 202
29 673 0.8 998 1.8223986417131877e22 5.5384617992039424e17 198
29 673 0.8 999 1.57837999498421e18 2.060237693559936e15 205
29 673 0.8 1000 1.739083235775302e20 6.128643961420186e16 201
