L N d seed D_(MIS-1) D_MIS MIS
31 769 0.8 0 1.0063180854600527e+20 1.41243316752384e+16 230
31 769 0.8 1 1.6655539090580478e+23 1.030979401053633e+20 231
31 769 0.8 2 3.3394789399288484e+24 2.2659604917860793e+21 229
31 769 0.8 3 6.999662506609506e+20 7.458973937871437e+17 233
31 769 0.8 4 6.597217778747969e+19 1.1039309020588032e+16 232
31 769 0.8 5 6.428010380312064e+23 6.288515746301952e+17 229
31 769 0.8 6 5.021297098688513e+22 5.565367462316979e+19 231
31 769 0.8 7 6.621061782906538e+23 4.392456522937685e+19 230
31 769 0.8 8 1.4205080144726848e+20 4.418095641251789e+16 231
31 769 0.8 9 6.958725789299126e+20 5.866935423859446e+17 233
31 769 0.8 10 7.837658914589085e+23 1.567316919812486e+20 228
31 769 0.8 11 5.952242341753909e+22 1.7622228647280476e+19 229
31 769 0.8 12 3.965071440033801e+24 2.1526597587612664e+21 228
31 769 0.8 13 5.570523939873403e+19 1.660614944980992e+16 231
31 769 0.8 14 4.5160120747367633e+21 3.728253425917401e+18 232
31 769 0.8 15 1.9411020619662927e+20 9.555665611987354e+16 230
31 769 0.8 16 4.0120146531056615e+22 3.7083214913074315e+19 232
31 769 0.8 17 2.2372422641807697e+24 1.8062838953338809e+21 230
31 769 0.8 18 2.8261631380317526e+21 4887210277555200.0 231
31 769 0.8 19 1.8538861255524096e+16 163105873920.0 231
31 769 0.8 20 7.951918118194701e+24 8.915861257510941e+20 229
31 769 0.8 21 1.957273913922014e+23 4.065571462494118e+18 230
31 769 0.8 22 2.5810953371926734e+20 4.920230385526176e+16 229
31 769 0.8 23 6.499559374499446e+16 19373787879424.0 232
31 769 0.8 24 4046858834813280.0 269249163264.0 234
31 769 0.8 25 2.236295821767576e+20 9.327686153066496e+16 232
31 769 0.8 26 2.4450086990131914e+21 6291960398438400.0 231
31 769 0.8 27 5.692366939690284e+21 3.322037483260462e+18 231
31 769 0.8 28 4.2832246668860677e+18 11325658982400.0 230
31 769 0.8 29 3.4290746695261364e+19 91529576570880.0 231
31 769 0.8 30 9.182848762049987e+19 3.775067110084608e+16 229
31 769 0.8 31 3.286860875086306e+20 6.25533652670976e+16 232
31 769 0.8 32 8.081827633040256e+16 9995166720000.0 231
31 769 0.8 33 5.0629086133460645e+22 3.9108145952924344e+18 228
31 769 0.8 34 1.4559833473817852e+25 6.24894471497623e+21 227
31 769 0.8 35 1.1993358550817587e+17 71504385638400.0 234
31 769 0.8 36 8.263104917701536e+16 8435706073344.0 234
31 769 0.8 37 2.536965514070176e+22 1.3591363566328455e+19 228
31 769 0.8 38 2.2198611298498395e+25 1.8776249103843187e+22 229
31 769 0.8 39 4.0172345964745114e+17 54577452948480.0 231
31 769 0.8 40 9.907093220003043e+20 5.300846542214323e+17 232
31 769 0.8 41 4.3984135573424004e+21 4.409981853696e+16 231
31 769 0.8 42 5.4648934314433276e+23 2.5868451450381717e+20 228
31 769 0.8 43 4.802093314643348e+22 1.9018620256401316e+18 229
31 769 0.8 44 7.40652488043505e+19 2.473865255780352e+16 233
31 769 0.8 45 2.7335615930845774e+19 9626152023610752.0 232
31 769 0.8 46 1.353156310295181e+22 5.602492938723512e+18 230
31 769 0.8 47 2.0277947032538274e+22 1.6737808699576443e+19 233
31 769 0.8 48 7.182300926107969e+22 9.21922650259882e+17 229
31 769 0.8 49 3.352047054824592e+18 1691865907200.0 233
31 769 0.8 50 417219586644096.0 283073937408.0 233
31 769 0.8 51 7.239276200373007e+19 2888318684160000.0 230
31 769 0.8 52 8.444030391910016e+24 1.044142060406219e+22 232
31 769 0.8 53 6.034818750348409e+21 5.24575802894804e+18 231
31 769 0.8 54 1.1483675458869102e+22 6.19765977016081e+18 230
31 769 0.8 55 1.7904653642935059e+22 1.72344755473822e+19 231
31 769 0.8 56 2.1336845864606413e+18 34960843008000.0 229
31 769 0.8 57 2.1002270720098068e+20 6.54533016653952e+16 232
31 769 0.8 58 1.6457544843936565e+19 361084032811008.0 230
31 769 0.8 59 5.654538066402488e+21 2.302090114323631e+18 230
31 769 0.8 60 4.323692573883072e+16 11443805452800.0 232
31 769 0.8 61 2.447956628259888e+16 7281618315264.0 232
31 769 0.8 62 2.0680819981613138e+20 6.475064834654208e+16 230
31 769 0.8 63 8.883180792535813e+20 8.399081104905216e+16 230
31 769 0.8 64 8.795838345491603e+19 8.52856683626304e+16 233
31 769 0.8 65 1.4381716431588973e+19 6758974312686720.0 233
31 769 0.8 66 4.088783905561552e+19 24416391168000.0 230
31 769 0.8 67 6.893663880222436e+20 3.766381319356243e+17 231
31 769 0.8 68 2.879976456351155e+21 1.6469360090329121e+18 232
31 769 0.8 69 5.145871731289252e+17 304835628075264.0 233
31 769 0.8 70 1.2353552201372837e+21 6.515829280875479e+17 230
31 769 0.8 71 5.6979788422336505e+20 1.377885036248208e+17 231
31 769 0.8 72 3.398712217018744e+22 4.85364787649642e+18 229
31 769 0.8 73 3.0759027223889884e+20 4.050850653674496e+16 230
31 769 0.8 74 2.3343133258188122e+24 1.399809875218843e+21 227
31 769 0.8 75 4.644877033655775e+18 1916450274816000.0 234
31 769 0.8 76 8.750274492370834e+21 1.0892290208594673e+18 229
31 769 0.8 77 4.6346492780761863e+21 3.852030194584796e+18 230
31 769 0.8 78 2.984622596899686e+20 2.3585724678652416e+16 232
31 769 0.8 79 1.898226386363628e+23 3.3883910933239947e+19 231
31 769 0.8 80 6.493674048970081e+23 5.7086582290655406e+20 231
31 769 0.8 81 8.519795495962289e+18 44362080000000.0 229
31 769 0.8 82 4.1736907462176e+16 21678243840000.0 235
31 769 0.8 83 7.503480265929575e+24 2.464099365062155e+21 228
31 769 0.8 84 2.51709221551411e+18 1784824081528320.0 232
31 769 0.8 85 1.6395975999724268e+18 196755913944000.0 231
31 769 0.8 86 2.625788837383027e+16 58316267520.0 229
31 769 0.8 87 5.347227832412961e+22 5.35258917213696e+16 229
31 769 0.8 88 4.463041397768991e+26 4.8543398990882105e+23 227
31 769 0.8 89 4.435791952074381e+18 1819917042969600.0 232
31 769 0.8 90 2.3853679714006404e+21 1.7263904184711475e+18 230
31 769 0.8 91 9.25701930478683e+24 5.88148538426924e+21 231
31 769 0.8 92 1.228983416912116e+19 7384361458476384.0 230
31 769 0.8 93 3.5743902499526146e+26 2.0473893279182983e+23 228
31 769 0.8 94 2.8818353475834593e+18 1400890982400.0 232
31 769 0.8 95 2.9372360313842207e+18 1263163449139200.0 233
31 769 0.8 96 1.362362245537484e+19 693584416369728.0 233
31 769 0.8 97 3.510079603139731e+22 1.7884543332796744e+19 231
31 769 0.8 98 1.0368284937826966e+23 3.7647355513372416e+17 232
31 769 0.8 99 1.166040387203828e+19 4386494103552000.0 233
31 769 0.8 100 3.4308493389288138e+22 1.8995029589637054e+19 232
31 769 0.8 101 2.130118749624282e+28 2.4311124781906e+25 228
31 769 0.8 102 4.437189591784294e+18 1020057616908288.0 229
31 769 0.8 103 5.590201933999072e+17 25663387580160.0 229
31 769 0.8 104 4.001143739866396e+23 1.2113821392661896e+20 228
31 769 0.8 105 1.6127614149794368e+17 83024430382080.0 232
31 769 0.8 106 1.0712182658031835e+22 4.4851033350097833e+18 229
31 769 0.8 107 3.4921973726129795e+25 4.191280022908583e+22 231
31 769 0.8 108 7.037945585137276e+21 2.511256767710976e+18 230
31 769 0.8 109 9.560430839432294e+16 14159052149760.0 230
31 769 0.8 110 2.262285525957574e+19 1040354715359232.0 231
31 769 0.8 111 4.2816195076395204e+23 1.0894621534452197e+20 230
31 769 0.8 112 1.214851943899005e+25 4.0645396832510437e+21 229
31 769 0.8 113 6.370598105580996e+20 1.7423820774955008e+17 230
31 769 0.8 114 2.394631959821414e+21 2.3644816261846112e+17 234
31 769 0.8 115 1.1853672233152101e+24 1.0806351645045678e+21 230
31 769 0.8 116 2.520851950232345e+21 2.5431976961685965e+17 231
31 769 0.8 117 2.3551371979407716e+19 1.881463267622093e+16 231
31 769 0.8 118 5.385083313120436e+20 4.3234131719688e+17 233
31 769 0.8 119 9.016091724375128e+23 1.0300634333919424e+21 228
31 769 0.8 120 1.4942751409869834e+18 567965365309440.0 230
31 769 0.8 121 1.985368101466621e+20 1.7686543308322896e+17 232
31 769 0.8 122 5.772972731053898e+23 5.4837265226176535e+20 231
31 769 0.8 123 1.9943722148537806e+21 5.5589086827504845e+17 230
31 769 0.8 124 3.973307126813963e+22 6.756433849332388e+18 230
31 769 0.8 125 5.960805172403392e+16 13423475990016.0 232
31 769 0.8 126 8.360007675763851e+24 6.487132384411613e+21 229
31 769 0.8 127 4.931260177095106e+19 3.4574285926665216e+16 231
31 769 0.8 128 2.3842380426222096e+24 4.4172050882472215e+20 229
31 769 0.8 129 1.3666605930505567e+24 6.350917573416195e+20 227
31 769 0.8 130 1.0980086326342838e+20 6.433804444090982e+16 232
31 769 0.8 131 5.9411250680126696e+23 3.64702574040887e+20 227
31 769 0.8 132 3.7662241013405015e+18 1347941735792640.0 234
31 769 0.8 133 1.434148995125427e+21 3.753665153361377e+17 228
31 769 0.8 134 2.7831888854421902e+22 1.6268053306556826e+18 227
31 769 0.8 135 1.1139129729527522e+22 6.822684706787234e+18 229
31 769 0.8 136 1.3460979303837193e+22 7.022940455026109e+18 230
31 769 0.8 137 9.72562148373796e+23 7.896494998946118e+20 229
31 769 0.8 138 1.430079683382043e+21 1.1168158682091101e+18 230
31 769 0.8 139 2.4838031548740615e+23 2.549931652433831e+20 230
31 769 0.8 140 1766113297713216.0 477867548160.0 235
31 769 0.8 141 7.327729220680655e+22 5.239573495667682e+18 230
31 769 0.8 142 3.930214980940402e+20 1.8942517329573888e+17 231
31 769 0.8 143 1.152139520919869e+21 5.5075339115403264e+17 232
31 769 0.8 144 1.8439486009895113e+22 8.137723461196992e+17 229
31 769 0.8 145 4.558280585908944e+18 352426696738560.0 230
31 769 0.8 146 3.847164646223647e+17 232885068005376.0 232
31 769 0.8 147 3.058082581898093e+24 2.690576796203289e+21 228
31 769 0.8 148 3.812017743199791e+21 1.543811673936984e+18 231
31 769 0.8 149 5.794529560954868e+21 1.7630845899774047e+18 232
31 769 0.8 150 3.430927708165155e+21 1.141116686301183e+18 232
31 769 0.8 151 5.040931325922298e+18 316175378486400.0 232
31 769 0.8 152 1.4198109556089988e+21 2.634856227058729e+17 227
31 769 0.8 153 1.1961484801651709e+24 9.559450151005378e+20 231
31 769 0.8 154 7.557334883341402e+19 1.999701707587584e+16 230
31 769 0.8 155 2.101820843790746e+24 3.218425338759854e+20 231
31 769 0.8 156 5.713253484722516e+18 2751212943110656.0 235
31 769 0.8 157 2.174327776095159e+17 53836419363840.0 231
31 769 0.8 158 9.635670279010127e+17 12259490310144.0 232
31 769 0.8 159 6.227700992666774e+16 26762791474944.0 232
31 769 0.8 160 5.403155032556143e+20 1.2623316683354112e+16 228
31 769 0.8 161 1.023160481905675e+20 5.979065464000512e+16 232
31 769 0.8 162 1.080054710565995e+21 3.2098099066778906e+17 231
31 769 0.8 163 7.964303939653948e+25 7.665588788870362e+22 225
31 769 0.8 164 5.035447276403922e+20 3.174367613815227e+17 231
31 769 0.8 165 7.381827707136082e+23 6.798082655564064e+19 230
31 769 0.8 166 1.428841993586296e+20 1.340962959742722e+17 233
31 769 0.8 167 8.346005736428492e+22 5.68169343766175e+19 229
31 769 0.8 168 6.608734672593272e+18 6569023815880704.0 235
31 769 0.8 169 6.90392261576757e+19 1.5285588052978944e+16 230
31 769 0.8 170 4.4205721518301946e+22 7.478788793527382e+18 230
31 769 0.8 171 2.954367070782135e+22 1.6905786776629236e+19 227
31 769 0.8 172 2.4944441555622868e+20 1.1104864508630016e+17 229
31 769 0.8 173 3.4373808009702185e+18 1819676127974400.0 233
31 769 0.8 174 1.0905273798460052e+24 1.1708133431149948e+21 229
31 769 0.8 175 1.4740233792330845e+17 165467117426688.0 236
31 769 0.8 176 1.5568754453586432e+17 39700747468800.0 233
31 769 0.8 177 7.59393421371567e+22 1.393319270904106e+19 228
31 769 0.8 178 7.07992057643766e+19 2.966669282858803e+16 231
31 769 0.8 179 3.524321082159234e+22 2.235475492620034e+19 230
31 769 0.8 180 6.525469264238707e+26 4.8711570936128154e+23 227
31 769 0.8 181 1.4537903716270237e+22 1.1890971303889306e+19 228
31 769 0.8 182 1.1558801012715374e+23 1.124011716669459e+20 232
31 769 0.8 183 5.801203131544346e+19 8020325041612800.0 231
31 769 0.8 184 5.5671902108813574e+19 831284108328960.0 231
31 769 0.8 185 1.7892516384984492e+21 5830484115456000.0 231
31 769 0.8 186 1.0003288587952459e+20 315868256035200.0 228
31 769 0.8 187 2.7402026657593467e+18 598190186115072.0 231
31 769 0.8 188 1.0980135514946234e+26 5.2523187929832925e+22 230
31 769 0.8 189 5.00095188693705e+21 3.3283575742840934e+17 233
31 769 0.8 190 2.8307454411218076e+23 2.66933844809515e+19 228
31 769 0.8 191 1.8845291156413643e+21 1.1911742443302912e+18 231
31 769 0.8 192 1.4974653014164027e+22 6.395232609483675e+18 228
31 769 0.8 193 1.8592502182223053e+20 3.1408528769842176e+16 231
31 769 0.8 194 3.5617876416182903e+19 287116337539200.0 231
31 769 0.8 195 4.468234212080087e+17 473865216000.0 231
31 769 0.8 196 5.2800961874059355e+22 5.153914525221564e+19 231
31 769 0.8 197 1.5749762051114019e+19 1.344435484729344e+16 231
31 769 0.8 198 4.630589985651322e+16 4222912942080.0 233
31 769 0.8 199 1.3042830831416865e+19 1394889392832000.0 232
31 769 0.8 200 6.173529414675839e+19 4387019433689088.0 227
31 769 0.8 201 8.566989904632077e+16 24925041598464.0 235
31 769 0.8 202 1.2631820443661888e+21 3.3957711002742374e+17 231
31 769 0.8 203 4.46078984735785e+16 3555086008320.0 229
31 769 0.8 204 3.564971886660425e+18 1663409769013248.0 230
31 769 0.8 205 2.620293449426577e+21 6.807763676425421e+17 230
31 769 0.8 206 5.922226111748677e+20 5.680623038765875e+17 231
31 769 0.8 207 2.4490945666878165e+19 857639615550336.0 231
31 769 0.8 208 1.3630835888990456e+25 1.3772168866660123e+22 228
31 769 0.8 209 2.2807949806859245e+21 3540662563175424.0 229
31 769 0.8 210 6.747058120065922e+21 2.1570616605874176e+16 230
31 769 0.8 211 1.5931076227634796e+22 9.696136389535609e+18 231
31 769 0.8 212 1.8295307567528968e+20 1.20791377792512e+17 231
31 769 0.8 213 9.74232677157466e+22 4.1291173666012496e+19 229
31 769 0.8 214 1.595853931498769e+20 2343450230298432.0 231
31 769 0.8 215 2.0135383171310808e+21 4.93296515245632e+17 229
31 769 0.8 216 1.2110464540972336e+24 5.053248334084082e+20 227
31 769 0.8 217 3.455507430291526e+20 6022317755520000.0 231
31 769 0.8 218 1.273393715267583e+20 2046704375955456.0 228
31 769 0.8 219 7.527073433012828e+20 2.163181875928105e+17 229
31 769 0.8 220 2.8640032280634148e+22 9.970636711612195e+18 229
31 769 0.8 221 1.322858220254904e+20 6.49619647835136e+16 232
31 769 0.8 222 6.921615623684272e+21 5.258553369007104e+16 230
31 769 0.8 223 4.5873043874860374e+20 3.3585245090251546e+17 230
31 769 0.8 224 1.5935181929283584e+22 6.3927592919576e+18 227
31 769 0.8 225 3.245252143450424e+22 1.6568426995603276e+19 232
31 769 0.8 226 4.1673184561039704e+20 8.270360422012267e+16 232
31 769 0.8 227 2.7918384152524206e+19 4229590586454000.0 230
31 769 0.8 228 1.8128610944147254e+27 9.914882147145374e+23 227
31 769 0.8 229 4.406635663254011e+25 3.7964160276978284e+22 229
31 769 0.8 230 1.3735570610698923e+20 6.00901157117952e+16 230
31 769 0.8 231 4.057440987125376e+20 2.6443744137460685e+17 230
31 769 0.8 232 1.7062600942988513e+18 795748044349440.0 232
31 769 0.8 233 4.2549119991053713e+20 1.6565450741121024e+16 231
31 769 0.8 234 2.0633610883718707e+17 105175151198208.0 232
31 769 0.8 235 5.324717957462615e+19 4.649086981453824e+16 232
31 769 0.8 236 1.2822857615904368e+20 2.4052445698351104e+16 230
31 769 0.8 237 1.456481762523251e+22 7.428155528398403e+17 228
31 769 0.8 238 1.781921012519323e+22 1.3140935582862008e+19 230
31 769 0.8 239 3.727891122961609e+20 7.080519885705677e+16 227
31 769 0.8 240 1.821017518622534e+17 3178615426560.0 234
31 769 0.8 241 6.76678873962887e+24 4.839968417777139e+20 228
31 769 0.8 242 3.1451064413957504e+18 172038782361600.0 231
31 769 0.8 243 1.3114537465348723e+17 15547327488.0 231
31 769 0.8 244 2.2068140555298882e+22 1.783962976642911e+18 229
31 769 0.8 245 5.558093161099715e+20 2.2348766848754995e+17 231
31 769 0.8 246 1.93869312952623e+27 1.0618326161129723e+24 226
31 769 0.8 247 1.6449048894280061e+21 1.2198123939661548e+18 230
31 769 0.8 248 1.863371590026971e+27 1.618451090736305e+23 227
31 769 0.8 249 6.374632559123385e+22 3.5851366923123487e+19 226
31 769 0.8 250 2.2545651670037772e+29 8.462526684362706e+25 228
31 769 0.8 251 4.5110335154158635e+22 2.129056580202681e+19 231
31 769 0.8 252 2.5173447707023042e+20 1.5275884769379328e+17 231
31 769 0.8 253 7.287371994410739e+18 7167973185953280.0 234
31 769 0.8 254 2.6800161687680578e+19 1.826435791127088e+16 234
31 769 0.8 255 2.67219086025732e+22 5.850198088629092e+18 229
31 769 0.8 256 3.1225615740627886e+19 1.789669560287232e+16 231
31 769 0.8 257 9.450554245174272e+21 1.9046403222004603e+18 229
31 769 0.8 258 6.462243549067314e+20 3.811366620999844e+17 233
31 769 0.8 259 1.296824086740684e+22 7.217697812677684e+18 229
31 769 0.8 260 3.248031182509229e+16 3334806567936.0 234
31 769 0.8 261 2.666083842591333e+21 1168258587955200.0 228
31 769 0.8 262 1.2088640880521835e+20 7177114400329472.0 231
31 769 0.8 263 1.2639768170088982e+25 3.2372200124832645e+18 228
31 769 0.8 264 2.0314473997661766e+19 5694486470000640.0 231
31 769 0.8 265 2.621706710984413e+24 2.953958840281753e+19 228
31 769 0.8 266 5.0261732282720076e+19 4.748972844111518e+16 232
31 769 0.8 267 6.9671395998199984e+22 5.888053180666556e+19 229
31 769 0.8 268 2.13371181666763e+22 1.9093150746168873e+18 231
31 769 0.8 269 1.4165504595522166e+21 1.94350565834208e+17 232
31 769 0.8 270 7.847444143593062e+19 1.305020855424e+16 229
31 769 0.8 271 1.4805137659865039e+19 8545204211023872.0 233
31 769 0.8 272 1.5059378094222336e+17 87692867665920.0 233
31 769 0.8 273 1.5585451512812834e+23 2.7164564238267187e+19 228
31 769 0.8 274 2.879447414143669e+19 6157765864925952.0 232
31 769 0.8 275 7.763537746955593e+22 8.456258340038697e+19 231
31 769 0.8 276 9.257696042972984e+17 98098813083648.0 233
31 769 0.8 277 3.536752999238801e+20 9.242034908133456e+16 231
31 769 0.8 278 4.335921950833505e+20 4627233301376000.0 230
31 769 0.8 279 3.540741480868968e+20 2.3582631468033792e+17 231
31 769 0.8 280 1.5578611081348568e+24 1.5294905326176258e+21 229
31 769 0.8 281 1.7218633226087289e+22 1.2260128934844957e+19 230
31 769 0.8 282 1.2434619590232884e+22 1.7200839180875858e+18 231
31 769 0.8 283 8.715992816282918e+16 52060136751360.0 234
31 769 0.8 284 6.59330086942835e+19 2.269772146292544e+16 231
31 769 0.8 285 1.3342821956353236e+22 3.05704751762592e+16 233
31 769 0.8 286 8.19327866387249e+18 75466516131840.0 234
31 769 0.8 287 5.381044466836991e+24 2.463160693271356e+21 228
31 769 0.8 288 1.281816240570925e+19 5462368578991104.0 233
31 769 0.8 289 4.034906244895519e+20 1.15395865244352e+17 231
31 769 0.8 290 3.658388341252265e+19 1.6884831026466816e+16 231
31 769 0.8 291 7.635859620151345e+24 9.266776648181298e+21 230
31 769 0.8 292 4.624817582028776e+17 568657221120.0 231
31 769 0.8 293 1.0857538250007807e+21 1.075061154414818e+17 229
31 769 0.8 294 5.0213163740263025e+22 2.4443299510074556e+19 229
31 769 0.8 295 2.5293331937401463e+25 9.248056551148146e+20 227
31 769 0.8 296 2.3958242944655284e+24 1.947476781418022e+21 230
31 769 0.8 297 4.790969719462863e+21 4179819728388096.0 227
31 769 0.8 298 1.972586061864193e+20 1.2224080154157696e+16 231
31 769 0.8 299 3.987427020101188e+19 772636996067328.0 228
31 769 0.8 300 7.898350011302443e+18 850760726400.0 232
31 769 0.8 301 3.034921297797099e+19 40223380204800.0 229
31 769 0.8 302 2.566377384009369e+19 6623360666947584.0 230
31 769 0.8 303 2.1067595025762852e+25 2.2337996189353474e+22 230
31 769 0.8 304 3.5050619628701127e+19 767188732373316.0 232
31 769 0.8 305 2.9844051787497944e+20 2.5995829759428096e+17 232
31 769 0.8 306 4.923163975474097e+21 1.9007074346588293e+18 231
31 769 0.8 307 1.9094091587642704e+23 2.9541968165000958e+19 229
31 769 0.8 308 7.831668826396356e+21 8.232111710606131e+18 230
31 769 0.8 309 2.931508114258224e+23 1.673154038622969e+20 228
31 769 0.8 310 3759000445583360.0 376543641600.0 231
31 769 0.8 311 2.631509306377652e+21 1.268937047415721e+17 231
31 769 0.8 312 8.922012846154616e+19 3.412807080873984e+16 228
31 769 0.8 313 4.99069195486826e+21 1.180148156700503e+18 230
31 769 0.8 314 1.173538934495391e+20 3.686499556733952e+16 230
31 769 0.8 315 1.2810651597556806e+24 1.3920712367356272e+21 228
31 769 0.8 316 2.283819434456865e+19 1.0745206002634752e+16 230
31 769 0.8 317 4.591008470546987e+18 138040109383680.0 232
31 769 0.8 318 1.8087671648688693e+19 7260454924369920.0 234
31 769 0.8 319 1.4827682770057728e+16 1201265372160.0 232
31 769 0.8 320 1.2104428710523652e+22 1.234661750784e+16 228
31 769 0.8 321 3.354555445495954e+22 1.8783799345964253e+19 230
31 769 0.8 322 3.3295754563543695e+22 3.1884531985086235e+19 230
31 769 0.8 323 2.1872251650570355e+20 8.225812284438528e+16 231
31 769 0.8 324 4.2637491925428044e+20 2.3834244478424832e+17 232
31 769 0.8 325 8.380894677092283e+20 7.15901590769578e+17 235
31 769 0.8 326 7.01011172591175e+20 9.696421467853286e+16 231
31 769 0.8 327 4.7512244691807805e+19 14310604800000.0 233
31 769 0.8 328 2.748889750056635e+20 2.093459317974935e+17 233
31 769 0.8 329 1.0641856089361184e+16 249968148480.0 231
31 769 0.8 330 4.988369591002062e+19 3918339284199552.0 230
31 769 0.8 331 9.758345031593748e+21 4.791787669793022e+18 230
31 769 0.8 332 1.9947130133457593e+22 3.51115830520016e+18 229
31 769 0.8 333 1.6089234658077426e+23 1.5036552682665384e+20 228
31 769 0.8 334 1.1053558829270574e+22 6.71282124293207e+18 229
31 769 0.8 335 1.3069887967183417e+22 1.0881699575921787e+18 231
31 769 0.8 336 2.736585017031607e+20 9.329468915987251e+16 230
31 769 0.8 337 8.329232713476496e+25 4.031601399517067e+22 229
31 769 0.8 338 7.298023772784423e+19 1029169152000.0 232
31 769 0.8 339 8.039687393476202e+18 709564669032960.0 233
31 769 0.8 340 2.9275618695608077e+21 2.540392344402297e+18 231
31 769 0.8 341 7.276365929796776e+17 648119673782784.0 235
31 769 0.8 342 1.0830569170543781e+21 1.83120879351168e+17 228
31 769 0.8 343 2.29798379860138e+17 49218639482880.0 231
31 769 0.8 344 5.449615841572173e+22 2.054944116633681e+19 228
31 769 0.8 345 3.944409471899059e+21 2.3539212878392197e+18 229
31 769 0.8 346 5.12019582647013e+22 1.209993294764114e+18 231
31 769 0.8 347 1.130184523842373e+20 3.341250156496896e+16 232
31 769 0.8 348 9.952643550412432e+20 6.166358517115325e+17 232
31 769 0.8 349 2.050173562851903e+19 1235138453176320.0 230
31 769 0.8 350 2.3978758099067106e+20 1.027686012674734e+17 231
31 769 0.8 351 2.0189545037540197e+23 5.156430182597387e+19 226
31 769 0.8 352 6.123363403650431e+21 92294566041600.0 229
31 769 0.8 353 1.522605697288772e+22 1.0232364424703183e+19 229
31 769 0.8 354 1.6029789757413676e+18 1718909337600.0 229
31 769 0.8 355 4.2882286261211365e+21 1.3972941630609009e+18 231
31 769 0.8 356 5.776569695560383e+21 1.3949364833608827e+18 229
31 769 0.8 357 1.7805833082061842e+19 525252634128000.0 230
31 769 0.8 358 6.034260616067774e+22 4.363618600281449e+19 230
31 769 0.8 359 3.970565375803193e+20 6.363149140864454e+16 227
31 769 0.8 360 1.6312423944070218e+20 1.5034344776266752e+17 234
31 769 0.8 361 2.647482573000794e+25 3.1476738946197896e+22 229
31 769 0.8 362 3.2295295774763096e+20 8.006523617870131e+16 231
31 769 0.8 363 2.947596818469528e+21 5.5908292310784e+16 229
31 769 0.8 364 3.807450158746732e+20 9.138770658243072e+16 228
31 769 0.8 365 2.9042832769792524e+19 1.64541804328512e+16 230
31 769 0.8 366 1.6508685194965566e+25 1.298615539866962e+21 227
31 769 0.8 367 6.773319139016892e+22 4.771085760802443e+19 232
31 769 0.8 368 2.1903090138411518e+22 1.889425365838947e+19 233
31 769 0.8 369 6.451408955012556e+21 1.7410229719014912e+18 230
31 769 0.8 370 4.225848853649201e+19 756485424414720.0 230
31 769 0.8 371 9.032584203470167e+21 7.785205216372957e+18 233
31 769 0.8 372 7.844387207967549e+18 5010152257837440.0 232
31 769 0.8 373 4.143177191475513e+22 2.311202212780032e+17 230
31 769 0.8 374 2.6501732539021088e+29 2.3836527799986953e+26 229
31 769 0.8 375 8.013094991844078e+22 4.267448013268455e+19 229
31 769 0.8 376 7.138861301334151e+22 1.5657559979953852e+19 231
31 769 0.8 377 9.660666143853311e+20 6.925640157956342e+16 230
31 769 0.8 378 2.3949567312924206e+18 1514805143897600.0 231
31 769 0.8 379 3.9334635494932957e+21 6.731256754199981e+17 230
31 769 0.8 380 3.824561105456579e+21 1.050663107623912e+18 232
31 769 0.8 381 2.1683799223155978e+18 614789078448384.0 229
31 769 0.8 382 4.883311757779556e+21 1.9729842595648635e+18 227
31 769 0.8 383 6.1007194655726454e+26 2.5457090372962902e+23 228
31 769 0.8 384 5.293419597228935e+21 5.381922716444766e+18 233
31 769 0.8 385 6.903328457760337e+22 3.2126356198621807e+19 229
31 769 0.8 386 5.680404949378704e+21 1.7839461635509248e+18 231
31 769 0.8 387 1.7029822123547712e+16 2706409843200.0 234
31 769 0.8 388 1.3381979488103029e+17 31257149172480.0 232
31 769 0.8 389 1.0042012113073024e+26 7.631756638047976e+22 231
31 769 0.8 390 8.879011711810472e+18 5810399126737920.0 233
31 769 0.8 391 1.866874201679049e+21 1.9678070933399173e+18 236
31 769 0.8 392 2.155449881591089e+20 1.2299033114952192e+16 232
31 769 0.8 393 1.3881920964377969e+19 1.087812977491968e+16 233
31 769 0.8 394 1.1056765669506186e+21 7.523768339262374e+17 230
31 769 0.8 395 7.55162140521924e+19 765871107710976.0 229
31 769 0.8 396 6.322002289638522e+19 209152329120000.0 229
31 769 0.8 397 4.089179644928444e+22 2.6370136022819738e+19 231
31 769 0.8 398 5.315733227028129e+18 645888188253888.0 229
31 769 0.8 399 8.161257743943548e+22 3.2067407454351114e+19 226
31 769 0.8 400 7.39332933599859e+18 5209796347822080.0 235
31 769 0.8 401 1.322833357842506e+21 1205504165946240.0 229
31 769 0.8 402 1.2175248120808515e+24 9.278716889456023e+20 230
31 769 0.8 403 1.929795125625546e+22 6.883584977682992e+18 231
31 769 0.8 404 6.320139493230415e+22 3.6542252584588222e+19 227
31 769 0.8 405 1.058037234372375e+22 5.409565138365684e+18 229
31 769 0.8 406 1.3653185755551667e+17 25306642391040.0 234
31 769 0.8 407 7.18487999842873e+20 151546310885376.0 231
31 769 0.8 408 7.336299931419697e+19 3052094713528320.0 227
31 769 0.8 409 9.318612250696499e+20 6.924961363123711e+17 232
31 769 0.8 410 6.504308179223559e+21 2.877705871884288e+16 231
31 769 0.8 411 1.362363828102984e+20 7.873452782078976e+16 230
31 769 0.8 412 4.067879943183268e+19 4.550416184521728e+16 235
31 769 0.8 413 3.063521633091214e+23 1.486836420616542e+20 229
31 769 0.8 414 5.219598909611527e+20 1.95108470489088e+17 231
31 769 0.8 415 1.440129212879923e+18 290576287730112.0 232
31 769 0.8 416 2.77224580153838e+21 1.2179891643543112e+18 231
31 769 0.8 417 7.445399853635543e+19 173333481431040.0 229
31 769 0.8 418 4.6539386538511985e+23 4.963250938541586e+20 229
31 769 0.8 419 8.97971912052267e+20 3.998125523061504e+17 233
31 769 0.8 420 7.358153712351876e+20 484495635382272.0 228
31 769 0.8 421 2.4061808911742114e+21 2.419655981772377e+18 231
31 769 0.8 422 7.487038180967951e+21 6.36115674942322e+18 231
31 769 0.8 423 3.1271929952087276e+24 2.165779299986221e+21 226
31 769 0.8 424 2.531487962167826e+18 513774760861440.0 232
31 769 0.8 425 2.344433484209933e+16 1585245309696.0 232
31 769 0.8 426 2.954608715402501e+22 1.4584030719003896e+19 229
31 769 0.8 427 3.3959899194461874e+20 3616177684432896.0 230
31 769 0.8 428 8.022739892598968e+17 40029623746560.0 231
31 769 0.8 429 8.831399267025294e+20 5.00801538986496e+17 229
31 769 0.8 430 2.3017501267226296e+18 2619856650240.0 229
31 769 0.8 431 6.39823954245529e+20 2.430004667822899e+16 229
31 769 0.8 432 1.593445721427768e+24 2.7190171905058436e+20 227
31 769 0.8 433 5.555041418334861e+20 1.4970257557526938e+17 231
31 769 0.8 434 2.209612557104961e+26 3.511942367153403e+20 225
31 769 0.8 435 1.8084901790048256e+16 3025612800.0 232
31 769 0.8 436 9.922124375644376e+19 7.941985297625088e+16 234
31 769 0.8 437 1.8353697327234045e+27 1.7331809898388618e+24 229
31 769 0.8 438 1.154811292818345e+25 1.3150532562039916e+22 233
31 769 0.8 439 6.298471131978762e+24 5.611287349819045e+21 228
31 769 0.8 440 6.856898892170802e+22 1.131666925460387e+19 231
31 769 0.8 441 1.8412213176255176e+22 1.1680311407291662e+19 231
31 769 0.8 442 1.061646377171572e+21 941008251893760.0 230
31 769 0.8 443 1.7166948693376539e+19 3614436832930560.0 233
31 769 0.8 444 8.421905992086148e+19 1.88934124577472e+16 232
31 769 0.8 445 8.182933514663731e+17 163918179532800.0 232
31 769 0.8 446 1.2849860797351827e+22 9.440755772584157e+18 233
31 769 0.8 447 1.1498303870503607e+23 8.170331172035171e+19 228
31 769 0.8 448 1.4661709389139784e+19 1.2635788330893312e+16 233
31 769 0.8 449 5.98931178077727e+18 405954865944576.0 230
31 769 0.8 450 7.875892007692357e+24 2.599281218958693e+21 228
31 769 0.8 451 1.556668914926059e+23 1.1753529994481299e+20 231
31 769 0.8 452 1.1017591931259991e+22 101580658163712.0 229
31 769 0.8 453 5.946142869956341e+18 1544114843205120.0 233
31 769 0.8 454 393143757242112.0 146767085568.0 235
31 769 0.8 455 3.439902619140408e+16 9202923475200.0 235
31 769 0.8 456 2.1220666630481438e+23 6.611092177028911e+19 230
31 769 0.8 457 6.099714008547378e+25 5.508916985852556e+22 229
31 769 0.8 458 4.978592413788453e+20 1.039462351223808e+16 229
31 769 0.8 459 2.9271423922324373e+23 2.7293408558621386e+20 230
31 769 0.8 460 2.482413460479789e+18 328662967025664.0 235
31 769 0.8 461 2.116824473956797e+20 1.3857255895093862e+17 233
31 769 0.8 462 3.642829479343323e+19 3.728894488959514e+16 235
31 769 0.8 463 3.987741082019773e+19 2155549167452160.0 232
31 769 0.8 464 1.1480873371967906e+20 1.1797227372836506e+17 234
31 769 0.8 465 2.020984076126996e+21 2.0668969334983864e+18 233
31 769 0.8 466 5.127668507050468e+21 2.5847701262985728e+17 230
31 769 0.8 467 1.1910847631318372e+18 1069263858805200.0 235
31 769 0.8 468 1.5038729584669947e+20 1.2722025505539466e+17 233
31 769 0.8 469 8.895322390790317e+24 1.3974904559147328e+21 230
31 769 0.8 470 1.4852390327943327e+18 239131938078720.0 230
31 769 0.8 471 3.5789497162061996e+19 496937851158528.0 232
31 769 0.8 472 9036447435979172.0 5488560000.0 231
31 769 0.8 473 1042670327158800.0 466455607200.0 234
31 769 0.8 474 1.0694327199485586e+23 7.735767340637867e+19 231
31 769 0.8 475 2.320878315181141e+25 3.1480451471067947e+22 233
31 769 0.8 476 4.9161540118534656e+17 261820659916800.0 232
31 769 0.8 477 7.950137201810075e+16 40997314512000.0 234
31 769 0.8 478 8.533555905939788e+18 4208519158824960.0 232
31 769 0.8 479 2.979479743449914e+21 1.9139699725528228e+18 230
31 769 0.8 480 4.00659512837721e+19 2.935388841441629e+16 233
31 769 0.8 481 8.593033715443136e+22 5.865233848293124e+19 233
31 769 0.8 482 7.423299109833575e+22 8.249688042647447e+19 232
31 769 0.8 483 1.0128472823909797e+22 1.3228639518465946e+17 228
31 769 0.8 484 2.8530983074146377e+21 138151032053760.0 229
31 769 0.8 485 6.06235162631447e+20 3.22626561427243e+17 229
31 769 0.8 486 1.5253193345591093e+26 1.4113310986182818e+23 226
31 769 0.8 487 2.4583676281579305e+18 582229369820160.0 231
31 769 0.8 488 2.4029110122206282e+24 1.2681248037834444e+21 228
31 769 0.8 489 2.273407797245636e+21 1.751885337999933e+18 232
31 769 0.8 490 6.872112637091735e+20 1.8246287061467136e+17 228
31 769 0.8 491 8.070513694539264e+16 3904395264000.0 232
31 769 0.8 492 4.723117219463927e+27 6.513487841615419e+24 230
31 769 0.8 493 9.58635698726519e+20 4.4297565381328896e+17 233
31 769 0.8 494 9.559701160205819e+24 4.543540420723555e+21 230
31 769 0.8 495 9.158644742767597e+18 568354494597120.0 231
31 769 0.8 496 6.376602212234089e+17 29537839973376.0 231
31 769 0.8 497 3.942583188838525e+22 2.0576815105487823e+18 229
31 769 0.8 498 3.30418947995299e+25 2.086837091761144e+22 226
31 769 0.8 499 7.60550084671743e+20 3.4431258305131085e+17 229
31 769 0.8 500 1.4621571204162217e+23 1.1318220484426159e+20 231
31 769 0.8 501 1.6571054042620985e20 8.3484131328e14 231
31 769 0.8 502 1.668348608824197e18 8.639789591808e14 232
31 769 0.8 503 8.266643196556018e19 2.484386885149747e16 233
31 769 0.8 504 1.661856375104402e23 2.3699474641421107e17 230
31 769 0.8 505 1.068986361580521e20 2.940459566257152e16 229
31 769 0.8 506 4.411033302388902e25 2.597419716290104e22 227
31 769 0.8 507 1.277752590816753e18 3.8485456418304e13 233
31 769 0.8 508 2.5303979966550646e22 2.1598076556898468e18 229
31 769 0.8 509 4.857119870536489e18 8.0868795469056e14 234
31 769 0.8 510 3.8133840442111135e24 3.2230395660138153e21 230
31 769 0.8 511 2.714818611541812e22 2.0793136186945823e19 230
31 769 0.8 512 2.304551747340535e22 9.27722450017611e18 229
31 769 0.8 513 9.879652566966352e20 3.236262262524887e17 230
31 769 0.8 514 5.648267524707448e25 4.34609555410472e22 229
31 769 0.8 515 1.6946054072075462e20 4.270422037374029e16 229
31 769 0.8 516 4.071850131115151e22 2.6863201637437555e19 229
31 769 0.8 517 1.2216113535437615e21 2.2910837052010637e17 228
31 769 0.8 518 6.85760387329215e22 5.531321816725193e19 230
31 769 0.8 519 2.8142726454658882e20 1.45976072638464e16 231
31 769 0.8 520 5.441998975454495e19 4.389768953856e13 231
31 769 0.8 521 2.039176024429056e17 6.308223123456e13 233
31 769 0.8 522 6.7437328956253e19 2.0065821515264e16 231
31 769 0.8 523 4.281689598018867e18 5.76280793088e13 231
31 769 0.8 524 4.807292117715304e21 9.857033337017984e16 230
31 769 0.8 525 7.8337887735703e19 2.4859615286121984e16 229
31 769 0.8 526 2.6270458768522838e23 1.1743878080169894e20 230
31 769 0.8 527 3.19846597982848e14 2.2898304e9 234
31 769 0.8 528 6.360273214000642e22 7.739145734111917e18 226
31 769 0.8 529 1.0552251667347671e22 2.8583832477891994e18 230
31 769 0.8 530 1.8284292690788826e23 3.0172324279960617e19 231
31 769 0.8 531 2.7303314656559845e20 8.9250237038592e15 229
31 769 0.8 532 4.474165901211728e19 1.269436216333824e16 231
31 769 0.8 533 2.8688502233403e22 2.8752036781208682e19 230
31 769 0.8 534 1.6164377195093442e27 1.8718552705761468e24 229
31 769 0.8 535 7.525316359077398e20 4.968032988342574e17 232
31 769 0.8 536 9.05722379523067e18 7.335099800064e15 233
31 769 0.8 537 5.319421697726899e18 2.2842309547008e14 233
31 769 0.8 538 1.1050680758297546e18 4.539156192e13 232
31 769 0.8 539 8.846736673614961e21 2.696977873870541e18 230
31 769 0.8 540 4.051905867811553e17 1.266983796736e14 231
31 769 0.8 541 1.016387759701684e22 8.855258730929535e18 232
31 769 0.8 542 1.2413458301819785e19 2.9127714857472e15 230
31 769 0.8 543 1.368840723480685e24 9.096904931324592e20 229
31 769 0.8 544 1.2933228521843208e19 2.5313184e11 229
31 769 0.8 545 1.4702912035518389e21 1.38863531729088e16 233
31 769 0.8 546 3.0140179570816e16 7.482295296e12 234
31 769 0.8 547 5.112921628419794e21 4.52538338779968e18 231
31 769 0.8 548 1.851806843538054e23 1.1429313187888267e20 229
31 769 0.8 549 4.903593653538828e22 6.199158364167783e18 230
31 769 0.8 550 2.508058192061996e18 1.20260351020032e15 229
31 769 0.8 551 1.4443056158145386e19 1.760627301728256e15 231
31 769 0.8 552 6.929883235140814e24 5.193363745131075e21 228
31 769 0.8 553 9.534829318598879e22 1.887402679384998e19 230
31 769 0.8 554 6.80225287099085e20 1.197197176598016e17 230
31 769 0.8 555 1.503931782264409e23 1.315545595861429e20 231
31 769 0.8 556 9.377903808677061e23 8.989584810702704e20 230
31 769 0.8 557 1.6330352209847765e24 6.821459313364798e20 227
31 769 0.8 558 2.0936874665128177e26 2.282179291267508e23 228
31 769 0.8 559 1.0755058431377644e23 8.910833428835022e19 230
31 769 0.8 560 1.2805306380631027e24 9.075309310402778e20 230
31 769 0.8 561 5.461252161657485e21 3.263771672017436e18 232
31 769 0.8 562 1.1238438880431876e23 8.728853699518544e19 228
31 769 0.8 563 2.6564621144557732e20 9.459695082765312e15 228
31 769 0.8 564 2.7511281126413128e19 2.865891928106189e16 234
31 769 0.8 565 5.8402701877259606e20 3.543530056704e15 230
31 769 0.8 566 1.1271475722449152e16 5.2103310336e11 229
31 769 0.8 567 4.3202953264395715e19 1.334416384422144e16 229
31 769 0.8 568 3.9478427374064214e23 3.0945208174352564e20 231
31 769 0.8 569 1.56755788730972e22 1.035622917697536e16 229
31 769 0.8 570 3.1183969109321984e17 8.3116489064448e13 233
31 769 0.8 571 2.8070241134345097e22 3.1110644411033403e19 232
31 769 0.8 572 9.492887073909552e25 6.5278302549886796e22 227
31 769 0.8 573 1.2987864116054067e19 1.96681753629312e15 233
31 769 0.8 574 2.070881491055919e23 1.0842292866956544e18 230
31 769 0.8 575 1.3476380846347372e25 1.5357030618019343e22 230
31 769 0.8 576 1.0130886618723802e21 6.336422840837376e16 230
31 769 0.8 577 5.075700289631829e22 2.6495273204164067e19 228
31 769 0.8 578 9.79021143251805e21 4.813920777480893e18 229
31 769 0.8 579 5.586713933105453e20 3.2342098240630554e17 231
31 769 0.8 580 9.969673988512008e19 3.74468183348736e16 227
31 769 0.8 581 9.063268372183802e18 4.349995701682176e15 229
31 769 0.8 582 2.6592473744814752e20 1.333323104256e14 229
31 769 0.8 583 2.4597553165449606e24 4.58673029937091e20 230
31 769 0.8 584 1.8706289032395621e22 1.1475234881810098e19 230
31 769 0.8 585 2.091297344160181e24 1.7543185583429599e21 230
31 769 0.8 586 1.4455499014716866e21 8.763109301315174e17 231
31 769 0.8 587 2.904490404545713e21 8.378049553926574e17 231
31 769 0.8 588 3.0271807656659675e21 1.2433288127265792e17 231
31 769 0.8 589 1.6170485946757992e21 2.930545829021184e16 230
31 769 0.8 590 7.96518115097088e15 2.77399406592e12 233
31 769 0.8 591 2.8418380014792733e20 1.8571720735791216e17 231
31 769 0.8 592 1.498633747624755e23 1.5833560066527144e20 231
31 769 0.8 593 4.360965163537232e22 4.1783860390502006e18 228
31 769 0.8 594 9.722910719634051e18 1.692757625683968e15 231
31 769 0.8 595 1.2238547904482722e25 1.2961348444870192e22 231
31 769 0.8 596 4.2335208080864685e24 1.231399768296263e18 229
31 769 0.8 597 1.1270626613749963e22 4.817788982521885e18 231
31 769 0.8 598 3.1757033253308776e22 2.7030847554332295e19 229
31 769 0.8 599 4.2243510848511384e16 6.13435331376e11 228
31 769 0.8 600 9.58246948946358e22 1.1385021294275088e20 232
31 769 0.8 601 2.0067460209450507e20 1.5116542953504163e17 231
31 769 0.8 602 1.9945631507811242e24 1.1654535769068245e21 230
31 769 0.8 603 9.170844241039604e18 6.1821953667072e15 232
31 769 0.8 604 2.3988797341109416e19 1.625689632160704e16 234
31 769 0.8 605 1.1985912421699397e21 7.959746104502124e17 231
31 769 0.8 606 1.0403502516498027e21 5.877544081922058e17 232
31 769 0.8 607 9.662325528862399e17 1.69932570984e14 232
31 769 0.8 608 2.59173451223453e19 4.54648431129984e15 232
31 769 0.8 609 2.8894450443086117e25 9.991974237872211e21 227
31 769 0.8 610 3.66046572964761e20 8.351712406904832e16 229
31 769 0.8 611 8.9069743105413e24 7.43870161938268e21 228
31 769 0.8 612 2.249635955643648e15 3.397227264e11 234
31 769 0.8 613 2.876529424359322e21 1.5795113972522025e18 229
31 769 0.8 614 3.493531695672936e20 7.5317129773056e13 229
31 769 0.8 615 9.392316742423772e21 2.2871326653186048e18 228
31 769 0.8 616 5.82914593477992e24 5.494700658907976e21 230
31 769 0.8 617 5.923240200954283e23 4.5444417991623226e20 229
31 769 0.8 618 1.0116293446680206e22 7.388113395024287e18 228
31 769 0.8 619 5.354331890989143e19 3.028519167222912e16 233
31 769 0.8 620 1.0579986244344295e19 2.98722816e11 231
31 769 0.8 621 1.3705677611691627e20 2.2429103230550016e16 233
31 769 0.8 622 7.880200978158726e22 4.992462823799615e19 230
31 769 0.8 623 2.0820544704316002e22 1.8152375068354222e19 229
31 769 0.8 624 4.333657788814471e19 9.143097401376e13 232
31 769 0.8 625 9.835009240231235e19 5.083758968554291e16 229
31 769 0.8 626 1.0475765082004979e23 6.865880106757712e19 229
31 769 0.8 627 4.547881001489595e20 2.4444262129064832e17 230
31 769 0.8 628 2.2854465370698005e21 2.943994264839291e17 228
31 769 0.8 629 5.067195397571367e21 4.3591598349271255e18 233
31 769 0.8 630 1.2500672455273677e21 2.6014632425840563e17 230
31 769 0.8 631 2.3627094741254304e25 9.31186403326743e20 227
31 769 0.8 632 2.9089772038823808e20 5.055008058047693e16 232
31 769 0.8 633 1.5542615152444721e25 6.004591458949028e21 230
31 769 0.8 634 1.4102880053262535e23 1.3789929026502974e20 229
31 769 0.8 635 1.866110086031722e18 7.74087244627968e14 232
31 769 0.8 636 7.773026979476418e20 1.088108964071424e15 229
31 769 0.8 637 6.630665291560212e22 7.492961313541325e18 229
31 769 0.8 638 1.316207070868329e19 9.35649501696e13 231
31 769 0.8 639 4.68041810143047e20 2.951798982425712e17 230
31 769 0.8 640 1.8133109737822209e21 3.642868771779318e17 229
31 769 0.8 641 1.1435503037411649e21 1.1743642669259628e18 234
31 769 0.8 642 1.8672735712421885e20 4.73078796682752e15 230
31 769 0.8 643 2.1079651969341064e18 9.15637782136832e14 230
31 769 0.8 644 1.1641130832994707e20 2.467836814987008e15 228
31 769 0.8 645 5.480512099807104e21 3.796784686055168e18 230
31 769 0.8 646 7.891714479695126e18 1.0001024888832e15 232
31 769 0.8 647 3.36380684903694e21 1.117685008878863e17 229
31 769 0.8 648 2.4688254028554237e20 2.7067212114510643e17 235
31 769 0.8 649 1.4546297529810608e19 1.4998540587374592e16 232
31 769 0.8 650 1.6698173654571735e20 5.305918273963776e16 229
31 769 0.8 651 5.5751587913682085e20 6.287147469994003e16 230
31 769 0.8 652 4.658684486408516e21 5.95573932294144e15 227
31 769 0.8 653 1.531076994993151e22 3.6787743196746875e18 229
31 769 0.8 654 3.7107010917335727e21 3.7299149147690726e18 230
31 769 0.8 655 2.3247297910765755e20 2.0373489792e15 230
31 769 0.8 656 2.944200087319983e22 6.19246098626171e18 228
31 769 0.8 657 1.8862370416132536e18 4.719616263936e14 231
31 769 0.8 658 9.283459005027887e20 9.416313386509617e17 232
31 769 0.8 659 7.560298105380568e20 4.103931053036667e17 232
31 769 0.8 660 1.8252446862036336e25 1.2717976441289185e22 227
31 769 0.8 661 2.85082113664459e21 2.7659093789064192e17 230
31 769 0.8 662 1.0120679226004325e25 7.869116197883849e21 228
31 769 0.8 663 2.1486910413686656e22 3.381994689006256e18 229
31 769 0.8 664 9.67808921502774e18 4.025272762368e15 232
31 769 0.8 665 7.863608437818919e18 3.75751982481408e14 231
31 769 0.8 666 7.280743077679851e22 2.7262197617117706e18 228
31 769 0.8 667 5.053218565946144e19 3.32693246066688e16 231
31 769 0.8 668 1.0394077406185185e18 7.45945417728e12 229
31 769 0.8 669 3.866628009575626e17 9.059568021504e12 235
31 769 0.8 670 4.281323442417485e17 2.05703921664e11 229
31 769 0.8 671 1.5321745965107766e22 5.674972538037364e18 231
31 769 0.8 672 5.162463804828491e19 2.736632814167808e16 233
31 769 0.8 673 5.58222279875788e18 3.7061150303232e15 232
31 769 0.8 674 5.814094049690226e24 1.7069736170233177e21 231
31 769 0.8 675 1.772625625939115e20 1.9154039629971456e16 229
31 769 0.8 676 1.68506557540946e19 9.9801660736512e15 233
31 769 0.8 677 2.0089297105367018e21 7.224434386432643e17 230
31 769 0.8 678 2.360823924635928e22 1.2587494423781376e17 228
31 769 0.8 679 1.1549390833751651e20 5.028721830912e16 231
31 769 0.8 680 4.828107677780561e19 4.420124473112486e16 234
31 769 0.8 681 9.849933388840148e21 8.97995083087872e15 225
31 769 0.8 682 1.2372683989585428e20 2.1819259478016e15 233
31 769 0.8 683 1.280114339382042e23 8.797182672919065e19 230
31 769 0.8 684 2.6230394445185257e19 2.638866311645184e15 231
31 769 0.8 685 1.4043440351146704e21 6.696030626240585e17 230
31 769 0.8 686 1.5004727800857566e24 1.8411084314227644e19 227
31 769 0.8 687 1.0898686232651908e24 3.752961886245569e20 230
31 769 0.8 688 6.478187304664755e22 1.825634082278654e19 229
31 769 0.8 689 1.4888780641006072e19 4.682116559232e13 232
31 769 0.8 690 4.582239798133209e26 2.4220874087389436e21 225
31 769 0.8 691 1.6249445117459438e20 1.1554228504536883e17 234
31 769 0.8 692 2.5192372875220504e20 2.242923056016169e17 232
31 769 0.8 693 1.3989538756859144e21 4.983487471103904e17 229
31 769 0.8 694 6.039660485182956e24 6.81049801938454e21 228
31 769 0.8 695 7.39747947989284e19 6.351839465472e15 230
31 769 0.8 696 3.2643461658559386e18 2.90729607168e13 229
31 769 0.8 697 7.467297645831537e24 7.438964415325133e21 229
31 769 0.8 698 3.4070472211269883e18 5.09191183872e13 232
31 769 0.8 699 1.243355645937768e15 5.3064201168e11 235
31 769 0.8 700 1.0412248811913812e21 3.2365837089334886e17 229
31 769 0.8 701 3.2494128370984164e20 3.0569858265102336e17 232
31 769 0.8 702 2.57407452145281e22 2.4521015771246776e19 231
31 769 0.8 703 4.736384623769748e23 3.7390294643221094e18 229
31 769 0.8 704 2.648955581674044e22 1.4848949986835421e19 229
31 769 0.8 705 3.2134269262141044e22 3.3582772677299053e19 232
31 769 0.8 706 3.0646063607526195e20 2.389126677848064e15 228
31 769 0.8 707 1.0147089888814613e21 4.0554370973485466e17 230
31 769 0.8 708 4.294070094032892e23 2.7928852249044654e20 229
31 769 0.8 709 7.08011350707415e22 7.61267875351113e19 232
31 769 0.8 710 2.1728947554348935e24 2.1403169551616528e20 227
31 769 0.8 711 2.2977531083592753e21 7.885777432405872e16 230
31 769 0.8 712 2.1028769168915535e23 1.8573953182937534e20 232
31 769 0.8 713 2.1012935405868858e24 9.82142080766471e20 231
31 769 0.8 714 1.2519179591284915e20 5.6131995009024e16 231
31 769 0.8 715 4.839268795137268e20 3.506486468762707e17 231
31 769 0.8 716 3.294461982016359e23 2.6275549906652214e20 232
31 769 0.8 717 2.0080615233121006e19 2.417323230374976e15 232
31 769 0.8 718 3.7415890530808916e20 3.5296054336825344e17 235
31 769 0.8 719 2.5378427940915978e23 1.8823930344129584e20 228
31 769 0.8 720 3.4102309588713127e22 3.6009664187498496e17 227
31 769 0.8 721 8.656417381440545e18 4.30316600370224e15 233
31 769 0.8 722 2.6027739616999255e22 4.904132910812467e17 230
31 769 0.8 723 2.7724849919225218e23 9.54281306982061e19 229
31 769 0.8 724 2.064145683484335e21 1.693827072e13 231
31 769 0.8 725 1.1939033405566298e20 6.26395823327232e16 232
31 769 0.8 726 1.3808754381997152e17 2.7982099152e13 234
31 769 0.8 727 5.277465721951488e15 1.092791513088e12 232
31 769 0.8 728 9.879760855247413e21 2.508092759523854e17 229
31 769 0.8 729 6.391701249913244e18 9.8056129372992e14 229
31 769 0.8 730 3.950531018605555e17 3.359764251648e13 233
31 769 0.8 731 9.237756130222257e17 2.7326237054976e13 231
31 769 0.8 732 2.1092493912019773e20 3.92526835687872e16 232
31 769 0.8 733 1.2110240376873267e22 8.23178904495869e18 228
31 769 0.8 734 1.5815202128095396e21 6.297693475771284e17 229
31 769 0.8 735 4.524442880640205e20 2.718940868775936e17 230
31 769 0.8 736 3.147740043808783e21 1.8371566061745684e18 231
31 769 0.8 737 6.956147359601308e18 1.026483470401536e15 229
31 769 0.8 738 1.1362750091801263e22 4.092133773975319e18 228
31 769 0.8 739 5.824342164870913e17 2.614756037616e13 231
31 769 0.8 740 1.7742600172051575e19 3.395025247002624e15 229
31 769 0.8 741 5.375983981778323e17 3.10199651225856e14 232
31 769 0.8 742 2.2923152190186933e22 1.5711951213128033e18 228
31 769 0.8 743 1.816826352231646e24 1.765568824024298e21 229
31 769 0.8 744 7.6497615515743e19 5.122304585725824e16 230
31 769 0.8 745 1.4573655261057219e22 1.01357529606144e19 229
31 769 0.8 746 2.173998139654502e22 1.213534785124107e19 230
31 769 0.8 747 1.1948328180313126e20 2.363665623810048e15 229
31 769 0.8 748 7.100209477319644e24 2.888843532603217e21 228
31 769 0.8 749 1.1543832639435264e16 8.8107715584e11 228
31 769 0.8 750 8.534362257039188e22 4.426469188893797e19 233
31 769 0.8 751 3.88070048519587e18 2.3364120826368e15 233
31 769 0.8 752 1.2790823720153812e22 3.281207514568659e18 229
31 769 0.8 753 1.2728128597918038e20 5.371871816448e16 231
31 769 0.8 754 2.6817031828250087e21 2.0458359903786624e18 230
31 769 0.8 755 6.583644879226824e25 6.4001250582850915e22 229
31 769 0.8 756 6.128300712156112e20 3.287113137521142e17 231
31 769 0.8 757 3.546215022671815e23 3.5494225950451204e20 232
31 769 0.8 758 1.6373185206503052e25 6.864172932156097e21 229
31 769 0.8 759 1.4413035416205556e19 2.42142916900608e15 229
31 769 0.8 760 2.6473842327020955e20 4.56600516599808e16 229
31 769 0.8 761 2.3248210608516465e19 7.037322219159552e15 230
31 769 0.8 762 6.133850079690318e20 2.972541210985267e17 230
31 769 0.8 763 2.309053467696029e20 1.8066688971332275e17 230
31 769 0.8 764 1.5870637728691235e19 1.226034954868608e16 232
31 769 0.8 765 1.6363435037028575e20 9.00239826319511e16 231
31 769 0.8 766 7.721652090679642e22 1.8805611736243584e18 228
31 769 0.8 767 1.0129277783704064e16 5.341746593792e12 233
31 769 0.8 768 3.0945323510459807e20 2.4059885004521184e17 235
31 769 0.8 769 3.564294518290944e17 2.08002235392e14 232
31 769 0.8 770 6.6726084303429676e22 8.003446697487029e19 231
31 769 0.8 771 2.5005681446834596e18 9.73406060798976e14 232
31 769 0.8 772 6.441125022233993e23 7.484161402100566e18 231
31 769 0.8 773 1.8501674295410827e19 6.081165852735744e15 231
31 769 0.8 774 1.2673383981586083e24 5.4160257804231796e20 230
31 769 0.8 775 2.172329686788088e19 1.634945428178432e15 229
31 769 0.8 776 3.849760800414047e23 4.58537811403922e19 228
31 769 0.8 777 2.4980151958107356e21 3.92075292672e13 229
31 769 0.8 778 4.2475806545311636e18 5.789638926336e12 233
31 769 0.8 779 6.053756263411203e20 6.782140617645421e17 231
31 769 0.8 780 2.5601586573230084e19 6.349434705690624e15 231
31 769 0.8 781 5.195539723130127e20 2.246307113558016e16 233
31 769 0.8 782 3.927746135727157e23 5.7640648712421474e19 227
31 769 0.8 783 1.4352397360390085e25 1.3796943508779265e22 230
31 769 0.8 784 2.1825446114455015e20 4.691122325454643e16 228
31 769 0.8 785 2.278334918086287e19 5.90907242016e13 232
31 769 0.8 786 4.670708753731305e20 1.998975107317248e15 228
31 769 0.8 787 6.739725134221455e20 1.294284071785536e16 229
31 769 0.8 788 9.754946484843712e23 5.430707195317719e20 231
31 769 0.8 789 1.1534215391529655e23 5.602298068268553e19 227
31 769 0.8 790 1.0470552920740626e23 6.504042257903074e19 230
31 769 0.8 791 2.059516459850896e21 2.7328512988289664e16 230
31 769 0.8 792 3.1692804364185163e23 2.3668264287187734e20 230
31 769 0.8 793 1.991757424916387e19 1.1639264535252288e16 232
31 769 0.8 794 8.633544949839328e15 1.99487322496e11 231
31 769 0.8 795 1.3249476780625935e18 3.92543698176e13 232
31 769 0.8 796 2.9617459334876804e23 1.7745125836753214e20 230
31 769 0.8 797 4.3162943993607393e21 1.3241808277473853e18 230
31 769 0.8 798 2.184861145961469e21 1.0522873811710714e18 230
31 769 0.8 799 2.542067195470678e20 1.6983154185687552e17 231
31 769 0.8 800 3.459470052224849e22 4.027198255503543e19 232
31 769 0.8 801 2.3139667392876885e23 1.031986094311872e20 231
31 769 0.8 802 1.2253747632946015e20 5.818813241472e16 230
31 769 0.8 803 5.534355351515513e21 3.6965859608724316e18 230
31 769 0.8 804 5.441725726510598e21 3.553304723674675e18 232
31 769 0.8 805 6.719057975475515e23 5.3392505122321754e20 233
31 769 0.8 806 1.2764344519763712e17 1.4075099136e13 235
31 769 0.8 807 1.1031708411880315e18 6.50397622726656e14 232
31 769 0.8 808 3.06155684978796e23 3.728583422118262e20 230
31 769 0.8 809 1.2879388382393395e17 5.4154860244992e13 233
31 769 0.8 810 1.682574784993259e23 1.4147578507698156e19 227
31 769 0.8 811 1.3576089434992369e18 1.5328024937856e13 232
31 769 0.8 812 4.60401457623529e16 1.2871048200192e13 231
31 769 0.8 813 8.925203989511136e21 2.2140773224022016e18 230
31 769 0.8 814 1.7396716242818101e19 5.35861248786432e15 232
31 769 0.8 815 8.682850325023675e19 2.013096443904e14 231
31 769 0.8 816 1.4176349412343572e21 4.026492823923555e17 232
31 769 0.8 817 1.5417681238495488e16 1.435074259968e13 238
31 769 0.8 818 1.8887766524020592e24 1.0372325755277182e21 228
31 769 0.8 819 6.8799632211095085e19 1.282093140658176e16 228
31 769 0.8 820 5.4761041696475644e20 2.905492243154861e17 229
31 769 0.8 821 1.995584681581491e21 2.8053706636608307e18 235
31 769 0.8 822 4.301059133077086e18 2.27213440505856e15 232
31 769 0.8 823 3.344189799625376e19 5.636792447290368e15 231
31 769 0.8 824 2.548612423299636e18 3.235905179568e14 229
31 769 0.8 825 3.4539188231574474e20 5.201938812384e15 229
31 769 0.8 826 4.0120426751062196e23 4.6034431126965905e20 232
31 769 0.8 827 1.3783582121272934e17 1.5455453184e11 232
31 769 0.8 828 7.221736475148795e24 1.7120330478805608e21 228
31 769 0.8 829 3.823294903898646e23 4.264682975608477e20 233
31 769 0.8 830 7.01542593437836e19 2.296249745486112e16 232
31 769 0.8 831 1.1615318956876543e21 1.0931021236190188e18 230
31 769 0.8 832 7.391439663581803e23 1.8689054080016492e20 225
31 769 0.8 833 1.1946777003291747e23 2.356926670880727e19 228
31 769 0.8 834 2.95789378516821e20 2.04040624499712e16 231
31 769 0.8 835 1.5658285612898074e18 3.6861447168e13 232
31 769 0.8 836 1.86917504668378e24 1.807639523484033e21 230
31 769 0.8 837 4.552129906894878e25 4.193723435230967e22 229
31 769 0.8 838 6.733302023756962e20 9.141894807552e16 232
31 769 0.8 839 4.002050780619099e22 4.374809397853688e18 229
31 769 0.8 840 3.503898697576584e18 6.844207067712e13 232
31 769 0.8 841 1.9468935119347528e19 4.017886013546496e15 232
31 769 0.8 842 4.63594462623435e19 2.69638010044416e16 231
31 769 0.8 843 3.723902167819537e23 1.4344660519084712e20 229
31 769 0.8 844 6.616272412932805e21 1.450289270680658e18 230
31 769 0.8 845 8.902435433359676e25 7.938805141663447e22 229
31 769 0.8 846 1.6214320578907597e23 6.424507930232272e19 228
31 769 0.8 847 2.426029821329457e21 8.01546481238263e17 228
31 769 0.8 848 1.2353400316074496e23 3.7172623315975455e19 230
31 769 0.8 849 6.707460115731261e17 6.101059408128e14 236
31 769 0.8 850 2.519832191626709e21 1.5624681491944858e18 232
31 769 0.8 851 4.436236904830502e21 2.98716993580032e15 230
31 769 0.8 852 1.2737204636280366e25 1.2943432352361297e22 230
31 769 0.8 853 2.8566155061883423e18 6.0194373820416e14 234
31 769 0.8 854 2.9097707663569715e20 1.2582948301473946e17 230
31 769 0.8 855 2.8370529983726e21 1.651294693047168e18 233
31 769 0.8 856 1.090493118086343e21 5.845347603658668e17 232
31 769 0.8 857 3.3369519059217674e24 4.226425274231231e20 227
31 769 0.8 858 6.202697878021465e24 1.1467999929877923e21 228
31 769 0.8 859 3.822258903300458e23 5.1284698364082586e17 228
31 769 0.8 860 1.6865050045031913e26 1.7786583055577472e23 228
31 769 0.8 861 2.2941810881655078e18 1.0337032636416e15 231
31 769 0.8 862 5.163486420650348e24 4.41873447680834e21 231
31 769 0.8 863 2.7780069441135244e23 1.4576940437291668e20 228
31 769 0.8 864 2.22643618389092e22 2.4193372408546116e19 231
31 769 0.8 865 6.101869465168755e20 2.8203120393100032e17 230
31 769 0.8 866 1.0953258827896283e23 3.850328626899059e19 229
31 769 0.8 867 1.5349451177922527e20 1.92440696832e17 236
31 769 0.8 868 4.5801455804026624e20 4.47231297764564e17 233
31 769 0.8 869 6.452152782488381e22 4.592813631133833e19 229
31 769 0.8 870 1.8304583961012657e22 1.0927662679885111e19 230
31 769 0.8 871 2.7272817234745547e20 7.444573668180574e16 232
31 769 0.8 872 1.2767027214159393e18 1.572222845952e13 232
31 769 0.8 873 1.650137167292095e21 1.5240839328662815e18 233
31 769 0.8 874 5.544497314868881e18 4.87521054254592e14 230
31 769 0.8 875 2.758374770025984e15 9.47998457856e11 232
31 769 0.8 876 1.7584830518674267e22 8.896957173211103e18 230
31 769 0.8 877 7.704495389693097e20 4.11360745114368e17 234
31 769 0.8 878 1.1601831473264384e23 5.705241852894404e19 230
31 769 0.8 879 2.643974283722909e21 1.2991675750101994e17 228
31 769 0.8 880 8.897777814010322e16 2.0764687977216e13 231
31 769 0.8 881 6.956953145385964e20 4.075299322822066e17 230
31 769 0.8 882 8.544855654930816e21 2.3040963566868534e18 228
31 769 0.8 883 1.967160082644142e22 6.288571832644897e18 229
31 769 0.8 884 1.1192584214556251e20 4.196837657528986e16 231
31 769 0.8 885 4.849075940463376e24 3.78458730605516e20 232
31 769 0.8 886 3.5697887143320257e20 2.588049348241367e17 232
31 769 0.8 887 2.4931750381689648e20 1.9383389775433728e17 231
31 769 0.8 888 2.4783356471938347e21 1.0177189985757635e18 228
31 769 0.8 889 3.395355315472896e15 4.1113239552e11 231
31 769 0.8 890 1.2005949700606075e20 5.22315117289728e15 234
31 769 0.8 891 3.2994526022855793e21 1.86676266663936e16 230
31 769 0.8 892 3.5815226381529742e25 1.0838271988302046e22 230
31 769 0.8 893 4.122776362075964e23 3.035900259473708e20 228
31 769 0.8 894 3.4624866258581156e21 2.784361113446259e17 230
31 769 0.8 895 3.763167360490203e18 1.033504487814144e15 232
31 769 0.8 896 1.5620582561730366e26 8.143782914257124e22 227
31 769 0.8 897 9.71756625987174e21 8.91954876555809e18 230
31 769 0.8 898 1.0842731671607658e20 2.640120429434112e16 234
31 769 0.8 899 2.441209699155928e21 2.4295474701036e18 232
31 769 0.8 900 1.2094941324305818e17 5.05736275968e12 231
31 769 0.8 901 7.627089565094426e21 5.922216411354849e18 231
31 769 0.8 902 2.324522320487424e16 7.8423441408e11 230
31 769 0.8 903 4.906919589551322e22 2.6191571209256837e19 230
31 769 0.8 904 4.2420727055142157e24 6.609242382454568e20 227
31 769 0.8 905 7.149488915173424e19 1.712089165381632e16 233
31 769 0.8 906 1.4329787576536431e21 7.289722860997018e17 227
31 769 0.8 907 1.2565183093926113e21 1.598827929289851e17 232
31 769 0.8 908 3.9927946849402076e18 3.513875706855936e15 233
31 769 0.8 909 2.1089499075532326e24 2.3609689712684709e21 231
31 769 0.8 910 2.6221195025655554e19 3.247387757881344e15 232
31 769 0.8 911 3.6735699760264597e20 9.58169009369088e15 232
31 769 0.8 912 1.6734476082399908e21 3.2881097319284736e17 228
31 769 0.8 913 1.05928605001372e20 7.542370861056e13 232
31 769 0.8 914 9.67074689166592e16 7.312048128e11 230
31 769 0.8 915 1.2110422213000313e20 1.9276395012393984e16 233
31 769 0.8 916 3.582629448470383e21 3.6519311711025044e18 232
31 769 0.8 917 1.75042484760567e20 6.268234118827987e16 230
31 769 0.8 918 7.807655156597293e24 1.496627437395571e21 229
31 769 0.8 919 3.453266328375057e22 1.8463528588504744e19 230
31 769 0.8 920 1.0184461120471784e20 8.82491818743225e16 232
31 769 0.8 921 2.667527161406859e21 3.194288250048e14 226
31 769 0.8 922 2.1357486815883264e17 1.114158074976e14 233
31 769 0.8 923 3.12646537690497e17 1.369714655232e13 233
31 769 0.8 924 2.339408752053644e17 1.713093878016e14 231
31 769 0.8 925 3.0781969660416e13 2.46951936e9 236
31 769 0.8 926 1.1292784975564766e21 5.197392395354268e16 231
31 769 0.8 927 3.96093333608164e23 3.967292525244525e20 231
31 769 0.8 928 4.2804773784709165e25 4.776215971744716e21 227
31 769 0.8 929 5.036242479117028e19 1.0634358800736e16 232
31 769 0.8 930 1.9936810937430796e20 2.841564039552e14 228
31 769 0.8 931 3.2069792601712854e22 1.238623841758118e19 229
31 769 0.8 932 2.715241048996339e16 6.715336190976e12 231
31 769 0.8 933 5.430324695096275e16 1.1682413568e13 233
31 769 0.8 934 7.242144678748511e21 7.044681095994114e18 230
31 769 0.8 935 5.178677342501054e21 1.708458492006144e18 230
31 769 0.8 936 4.359944478808407e28 1.593852705901686e25 225
31 769 0.8 937 4.792364539173607e19 2.7372460197175296e16 231
31 769 0.8 938 3.972022353431474e25 3.6082541349270586e22 228
31 769 0.8 939 1.7818943199293994e20 5.299863687974093e16 228
31 769 0.8 940 5.603045767097381e22 4.334206180372992e18 228
31 769 0.8 941 6.894185596259813e20 1.186259205904846e17 230
31 769 0.8 942 3.220715166717426e20 1.510141086203904e17 231
31 769 0.8 943 2.549901119737757e21 3.1826305954018944e17 229
31 769 0.8 944 3.45822548573051e19 2.368340119517184e16 233
31 769 0.8 945 4.393852594177832e24 1.6352084174554131e21 229
31 769 0.8 946 4.7137504584111355e22 1.0330025511331547e19 231
31 769 0.8 947 6.886476923837344e19 1.409454465737472e16 232
31 769 0.8 948 8.679392903497297e21 4.044073675965883e18 227
31 769 0.8 949 3.05167116300358e22 7.78922839249843e18 229
31 769 0.8 950 4.0691407641950677e20 1.6918020069043738e17 232
31 769 0.8 951 2.25338434886704e19 5.86466185536e15 230
31 769 0.8 952 2.007430410545507e22 1.3730939307774738e19 228
31 769 0.8 953 1.8532277287101297e18 3.2207402704896e14 232
31 769 0.8 954 7.612259581221559e20 1.71784889103941e17 231
31 769 0.8 955 6.268486879151513e21 3.947484497092531e16 230
31 769 0.8 956 4.717632989314488e20 1.2689310234761856e16 229
31 769 0.8 957 1.3696353946252595e17 1.2740240830464e14 234
31 769 0.8 958 2.2493151015036627e23 3.439141596258601e19 230
31 769 0.8 959 3.12789754501169e22 6.366399732598689e18 231
31 769 0.8 960 1.8598406644661904e24 5.4079803590115905e20 230
31 769 0.8 961 3.804816093420829e20 1.0828107986362982e17 229
31 769 0.8 962 1.311459060183645e27 9.163797114953427e23 228
31 769 0.8 963 8.214200671713072e19 7.788432678305587e16 233
31 769 0.8 964 1.500462255771543e17 8.425920169664e12 229
31 769 0.8 965 1.7734973116042074e23 1.4098040020582144e20 228
31 769 0.8 966 2.8873215796909484e20 7.061320812536986e16 231
31 769 0.8 967 1.7943987284862891e21 8.734294617682314e17 231
31 769 0.8 968 6.781443464073268e20 1.014743965012032e17 231
31 769 0.8 969 1.0223848228684709e21 1.31518416083456e16 229
31 769 0.8 970 2.466906355448673e21 6.68670533057353e17 229
31 769 0.8 971 7.421464362853327e18 1.367495037151488e15 230
31 769 0.8 972 9.754159892431726e20 9.442858966171511e17 234
31 769 0.8 973 4.835388433834152e21 3.858215039932467e18 231
31 769 0.8 974 6.28793988672031e20 1.3362897481629696e16 229
31 769 0.8 975 3.239971680015667e21 2.9854940674479483e18 231
31 769 0.8 976 3.891388954527074e21 4.3113031312187546e18 233
31 769 0.8 977 2.670444348538009e19 4.77559829182464e15 232
31 769 0.8 978 2.2662771416846014e22 4.83791818701865e16 227
31 769 0.8 979 3.8928560195741734e17 7.6677319011456e13 229
31 769 0.8 980 6.523201277987467e24 2.1957134009483822e21 227
31 769 0.8 981 5.27972456946626e24 1.2359931726023783e21 229
31 769 0.8 982 9.695913783249763e20 3.224842253155872e17 230
31 769 0.8 983 5.546855480992549e21 5.230804569098379e18 233
31 769 0.8 984 2.0711267911634616e20 5.639380489426944e15 229
31 769 0.8 985 1.4506058590264932e18 3.69011456352e14 230
31 769 0.8 986 1.3549459192548075e20 3.759535005696e14 230
31 769 0.8 987 9.044065642928433e17 2.48333156352e13 232
31 769 0.8 988 2.624269984583376e22 1.8885481155184067e19 229
31 769 0.8 989 2.107671174723877e20 1.555100395938816e16 232
31 769 0.8 990 4.612362681910298e18 4.367558854705536e15 235
31 769 0.8 991 7.909243800516277e19 3.431725463384064e16 230
31 769 0.8 992 9.022072950865339e16 3.433460498496e13 233
31 769 0.8 993 8.924456857395672e21 7.8472190973312e17 230
31 769 0.8 994 1.2904662087661912e19 8.527151428992e15 234
31 769 0.8 995 1.1228551352095444e24 8.499793994841251e20 232
31 769 0.8 996 9.41449462754619e19 5.547233823677952e16 233
31 769 0.8 997 2.1868328320698582e23 1.3823852040024883e18 229
31 769 0.8 998 1.1896395714599262e23 5.576618728409312e19 230
31 769 0.8 999 6.666822907204536e23 6.41820521467621e20 231
31 769 0.8 1000 1.9395421700403591e24 9.638095047096543e20 225
