L N d seed D_(MIS-1) D_MIS MIS
33 871 0.8 0 2.967249872178897e+24 2.6461723686233558e+20 260
33 871 0.8 1 2.33273625109042e+23 1.50077325736678e+20 261
33 871 0.8 2 9.751768455138869e+26 1.8258395632024412e+18 258
33 871 0.8 3 3.9346311169230424e+27 3.542974502824546e+24 258
33 871 0.8 4 4.5649173354526414e+21 5.2040960466048e+17 262
33 871 0.8 5 2.234843473256876e+22 1.752305728126464e+16 263
33 871 0.8 6 4.661352860059355e+23 1.0178821520009675e+20 262
33 871 0.8 7 4.3740563264555577e+24 1.9379677844630657e+21 258
33 871 0.8 8 2.913608621648542e+19 2.0730993164961536e+16 262
33 871 0.8 9 1.8465291158709364e+24 1.432359818248169e+21 263
33 871 0.8 10 7.016700737818588e+26 5.631191206980197e+23 260
33 871 0.8 11 1.4009476804102153e+26 7.700406960688322e+22 260
33 871 0.8 12 8.521369832372338e+17 56195501544000.0 262
33 871 0.8 13 1.7073303545428718e+31 1.8047436911929903e+28 257
33 871 0.8 14 1.1358348628060302e+26 1.5312434554043684e+22 259
33 871 0.8 15 4.7930927039134723e+24 1.9536722809329625e+20 259
33 871 0.8 16 3.5071708407549945e+20 3677764157337600.0 258
33 871 0.8 17 1.1915107700604149e+23 4927957983936000.0 261
33 871 0.8 18 3.3316075028175787e+22 6.016376751614768e+18 258
33 871 0.8 19 4.956833500429147e+25 3.481168040908695e+21 258
33 871 0.8 20 2.8286686378457826e+25 1.4371148574477795e+21 261
33 871 0.8 21 1.2962725411669963e+22 3.9270523471323146e+18 260
33 871 0.8 22 1.3327321674142933e+23 5.248959722145291e+19 259
33 871 0.8 23 5.798713604544581e+24 3.113365611877382e+21 258
33 871 0.8 24 7.485079605422697e+22 4.446747019582621e+19 262
33 871 0.8 25 9.152132062477056e+19 1.81344471238656e+16 264
33 871 0.8 26 5.867735265507161e+23 1.0868974549417171e+20 262
33 871 0.8 27 2.750651678643641e+23 3.805130386197504e+19 263
33 871 0.8 28 9.067563548363499e+22 4.409786792340357e+19 261
33 871 0.8 29 9.160798730810171e+20 5.26098453049344e+16 263
33 871 0.8 30 1.662688863106498e+23 1.456799641742615e+19 261
33 871 0.8 31 1.461342037243869e+18 327298762506240.0 261
33 871 0.8 32 1.2888561003697364e+26 6.118601811745761e+22 261
33 871 0.8 33 2.3495947323717045e+26 2.0249101981190183e+23 260
33 871 0.8 34 1.4342998189970172e+23 6.741737799164928e+17 261
33 871 0.8 35 6.835723151473866e+22 2.3389830661400986e+19 262
33 871 0.8 36 2.2362556707786966e+21 5.846135091126106e+17 262
33 871 0.8 37 1.9898454976528533e+23 3.2358043575973427e+18 263
33 871 0.8 38 5.156141554712252e+21 8.691261715332956e+17 260
33 871 0.8 39 1.2054026738476912e+20 3341157841421568.0 264
33 871 0.8 40 8.27439859274055e+26 3.9321588540151765e+23 258
33 871 0.8 41 3.428465564668324e+23 2.1139102164712735e+19 260
33 871 0.8 42 5.255788108320151e+23 1.3677985987702528e+20 255
33 871 0.8 43 1.7590561777022432e+22 1.1182046082723785e+19 263
33 871 0.8 44 1.8682353954334852e+24 9.219426081726073e+20 260
33 871 0.8 45 5.443325374941544e+21 3.541489225755465e+18 264
33 871 0.8 46 4.991481836612113e+22 6.39535711542313e+16 256
33 871 0.8 47 7.140103353704225e+25 2.7370388173880635e+22 260
33 871 0.8 48 2.891082711930158e+18 70413235200.0 262
33 871 0.8 49 1.0485751299497295e+22 6.75597119855063e+17 261
33 871 0.8 50 9.640461562063659e+19 549282780057600.0 260
33 871 0.8 51 1.3056033308087404e+22 7.548738628538016e+18 263
33 871 0.8 52 5.528517350356665e+24 1.9504069139253402e+21 261
33 871 0.8 53 1.9780475165294746e+17 14021212907520.0 262
33 871 0.8 54 1.864481188025721e+26 1.3381318951767493e+22 261
33 871 0.8 55 1.2171041751552798e+21 7.96134087190103e+17 260
33 871 0.8 56 3.289116611240397e+24 1.7228369961018778e+21 258
33 871 0.8 57 6.127751576856891e+22 350774878519296.0 258
33 871 0.8 58 2.3889762981859174e+22 3.18538163971008e+17 261
33 871 0.8 59 5.161491313301058e+18 397241730662400.0 261
33 871 0.8 60 1.878259798118304e+24 3.1819710451837796e+20 259
33 871 0.8 61 5.136521909032167e+18 78964584652800.0 264
33 871 0.8 62 1.1502502765147464e+26 9.302935114074403e+21 258
33 871 0.8 63 1.7068657991976586e+26 4.841926751345175e+22 258
33 871 0.8 64 2.567314088124794e+24 1.660515115935217e+21 259
33 871 0.8 65 1.1781153104261056e+21 2296715918902272.0 262
33 871 0.8 66 3.5747478401527163e+22 4.008708693626757e+17 257
33 871 0.8 67 7.922425342656473e+24 4.867259002909568e+21 263
33 871 0.8 68 1.2948760309111275e+25 2.1164404110764114e+18 263
33 871 0.8 69 3.1469094195614175e+25 1.9479462713703043e+21 259
33 871 0.8 70 3.62124398454341e+27 2.5910412907616016e+24 259
33 871 0.8 71 1.2204199288949466e+22 9.018553457362084e+17 261
33 871 0.8 72 4.5524406657402914e+23 1.2713406371842035e+20 263
33 871 0.8 73 6.682367944212823e+18 986165798575104.0 261
33 871 0.8 74 6.931379509326211e+18 2983989196800.0 260
33 871 0.8 75 4.5145437544525935e+24 8.306633117796501e+20 261
33 871 0.8 76 5.798818652182868e+20 5.41148138433792e+16 261
33 871 0.8 77 5.127631720234245e+21 1480067201433600.0 263
33 871 0.8 78 3.597270582629206e+26 2.7410940935447066e+22 257
33 871 0.8 79 1.3037075761905909e+23 1.991486416256064e+18 260
33 871 0.8 80 4.726801056861016e+20 1.415700354278304e+17 264
33 871 0.8 81 1.459576367765618e+24 1.0307701421840794e+18 261
33 871 0.8 82 1.6084551951730168e+25 9.755243639755543e+21 260
33 871 0.8 83 1.8967885360632043e+22 6.229287656323117e+18 261
33 871 0.8 84 3.2055932561227115e+27 2.704456732063416e+24 260
33 871 0.8 85 3.8097365859611915e+22 1.4439445270147215e+18 260
33 871 0.8 86 1.3674765553186326e+21 3.451574193147072e+16 263
33 871 0.8 87 1.0432585369156584e+25 8.769348547191489e+19 257
33 871 0.8 88 8.80335653082642e+24 4.993949040484718e+21 261
33 871 0.8 89 3.1766193650583347e+19 64511331655680.0 259
33 871 0.8 90 1.4156081440398979e+18 414153274752000.0 261
33 871 0.8 91 7.977228679561866e+20 9406450326896640.0 258
33 871 0.8 92 2.5233922945230137e+20 1.3241808010420992e+17 265
33 871 0.8 93 9.964761155597182e+21 2.892391600312126e+18 261
33 871 0.8 94 6.109368765308933e+20 5340372664320.0 260
33 871 0.8 95 2.478816067661191e+22 1.5888493639729152e+17 261
33 871 0.8 96 6.266953023677512e+20 1638820582771968.0 261
33 871 0.8 97 5.81241774736833e+25 5.83028220476805e+22 261
33 871 0.8 98 1.894032734039938e+24 1.0476560400798414e+20 259
33 871 0.8 99 2.1598741700863e+22 8.810278239844086e+18 261
33 871 0.8 100 7.375721985071219e+24 3.812242139920642e+21 262
33 871 0.8 101 1.0956318995994773e+26 7.710540700514791e+22 259
33 871 0.8 102 2.506266156298325e+22 1.228664401601495e+19 262
33 871 0.8 103 2.308611621460036e+21 1.0448176409362806e+18 262
33 871 0.8 104 2.4474699646768314e+21 1.847230604771328e+17 261
33 871 0.8 105 1.506208524425671e+24 4.8820305626169095e+20 259
33 871 0.8 106 1.1411377550459358e+22 2.2645518298306683e+18 259
33 871 0.8 107 3.646648823069991e+23 1.0602009794488553e+20 262
33 871 0.8 108 2.426742083035612e+25 2.0307488618977625e+22 261
33 871 0.8 109 7.029653613289557e+24 1.958071450235e+21 258
33 871 0.8 110 4.160410373989861e+22 1.761860003981382e+19 264
33 871 0.8 111 4.2815332302522286e+18 641118869913600.0 263
33 871 0.8 112 1.987613285978213e+20 26696151465984.0 260
33 871 0.8 113 8.78101536112935e+23 2.266712781198862e+20 261
33 871 0.8 114 2.7432745937906596e+18 206665661841408.0 262
33 871 0.8 115 2.2333513637766247e+23 5.444741014961968e+19 259
33 871 0.8 116 8.067971047217283e+24 1.6377622018893016e+21 263
33 871 0.8 117 6.547432602300866e+27 1.559948951906106e+24 257
33 871 0.8 118 1.7398078936232357e+25 2.5580234294783996e+21 258
33 871 0.8 119 6.528908768523195e+17 270165743861760.0 264
33 871 0.8 120 2.475966693500453e+22 2.7542411208370483e+17 263
33 871 0.8 121 3.0206485629056853e+27 1.9728219113459318e+24 259
33 871 0.8 122 4.313690733461914e+16 6682746470400.0 262
33 871 0.8 123 5.712990836040785e+22 2.4813105689788416e+18 262
33 871 0.8 124 9.750702781788493e+24 2.9512882473489966e+21 261
33 871 0.8 125 5.9845853063673364e+23 2.8420648873860386e+20 257
33 871 0.8 126 1.0139116683094623e+24 8.887659983142858e+20 261
33 871 0.8 127 1.086346708478059e+22 4.4943607618043904e+18 262
33 871 0.8 128 7.812296203129291e+18 116674889149440.0 264
33 871 0.8 129 2.7395896003682003e+20 7155862577676288.0 261
33 871 0.8 130 2.1203048335956036e+24 1.6165702953546804e+21 259
33 871 0.8 131 9.95547766590401e+22 5.327302285970125e+19 259
33 871 0.8 132 8.10902605404976e+22 8.76868306909056e+17 263
33 871 0.8 133 2.5371690209565652e+23 5.593817003773747e+19 263
33 871 0.8 134 9.503907134586791e+23 2.5470999401979576e+20 258
33 871 0.8 135 6.498034838674461e+23 2.3329782631019794e+20 257
33 871 0.8 136 1.594258915011453e+18 500842679500800.0 266
33 871 0.8 137 1.6358183863789842e+19 7394448451898880.0 265
33 871 0.8 138 5.699318855724414e+26 4.678995228430306e+23 261
33 871 0.8 139 3.1683308695078156e+26 1.8116060805472344e+23 259
33 871 0.8 140 1.0302643383481614e+24 8.592724583417476e+19 261
33 871 0.8 141 1.9405374781630084e+20 1.3286072607157728e+17 262
33 871 0.8 142 3.437907545040373e+21 1.023728689152e+16 260
33 871 0.8 143 1.7098267534388113e+23 6.332355204525343e+17 256
33 871 0.8 144 5.204691406775131e+23 1.1773290800552231e+20 258
33 871 0.8 145 2.0807258048598417e+24 2.650368257877139e+19 260
33 871 0.8 146 3.743548349610779e+24 5.190395590582277e+20 260
33 871 0.8 147 2.2819748727344496e+22 1.7183525824549482e+19 262
33 871 0.8 148 7.919211208255798e+23 1.9292767143973205e+20 260
33 871 0.8 149 9.994160319213887e+22 7.332774435360866e+19 261
33 871 0.8 150 6.098948910642606e+21 4.6665310823717e+18 266
33 871 0.8 151 3.10382282108181e+23 6.425299229755392e+18 263
33 871 0.8 152 6.438260415493512e+24 2.3472571459084613e+21 259
33 871 0.8 153 6.5567797374411575e+22 4.8845626985050554e+19 265
33 871 0.8 154 1.0111182365116967e+20 3.468406975801344e+16 265
33 871 0.8 155 5.640720596276898e+22 3.603419866562007e+18 262
33 871 0.8 156 2.653531979429373e+25 1.2349242244531157e+22 261
33 871 0.8 157 5.195727239263206e+23 3.053809006129557e+20 261
33 871 0.8 158 6.816449456125062e+23 1.3002684277771698e+19 264
33 871 0.8 159 7.84188983995312e+19 2.528974899247104e+16 263
33 871 0.8 160 6.450520215968235e+22 2.8042315063294697e+19 261
33 871 0.8 161 1.0929454041093607e+25 2.5671660179044486e+21 257
33 871 0.8 162 7.49202785596615e+31 9.2220482173694e+28 256
33 871 0.8 163 1.969607667000505e+25 1.8052419461562927e+22 261
33 871 0.8 164 5.5468855365214025e+23 2.6895960962467178e+20 260
33 871 0.8 165 6.297862946150478e+23 9.065923260186011e+19 263
33 871 0.8 166 2.163801628190797e+24 1.220385567649615e+21 261
33 871 0.8 167 3.987101566705139e+23 4.904006533129138e+19 260
33 871 0.8 168 8.86478006307904e+21 1.9544837965922304e+18 260
33 871 0.8 169 2.745795824018348e+21 9.643347701974426e+17 263
33 871 0.8 170 1.5515747026204883e+29 1.0645405244982559e+26 258
33 871 0.8 171 6.533489577890217e+19 8661055855730688.0 264
33 871 0.8 172 1.69281560718218e+21 8754794755891200.0 260
33 871 0.8 173 5.670383205925778e+27 1.0391935138641031e+23 258
33 871 0.8 174 1.1770118120390434e+29 1.2916959705451439e+26 258
33 871 0.8 175 1.3851603285966732e+23 3.8211092017927815e+19 258
33 871 0.8 176 1.0622000456570078e+24 1.2362320488218503e+20 259
33 871 0.8 177 1.0352083341331084e+22 1.5181287200479642e+18 261
33 871 0.8 178 9.303685260724385e+25 1.6487714739987975e+22 259
33 871 0.8 179 5.567556768021983e+24 3.2610209817453574e+21 261
33 871 0.8 180 3.800635248531281e+19 8956159692963840.0 264
33 871 0.8 181 7.1857353567689905e+22 2.03696869146624e+19 260
33 871 0.8 182 2.572190280575428e+20 1317640209039360.0 264
33 871 0.8 183 9.063030613238328e+20 6.5804323110912e+16 259
33 871 0.8 184 3.8649342872771604e+21 6.551460391156531e+17 261
33 871 0.8 185 1.28985812202232e+24 5.66406655160832e+16 262
33 871 0.8 186 8.881734668424209e+22 2.2022511429574656e+18 261
33 871 0.8 187 1.7442277807694794e+18 277355669821440.0 263
33 871 0.8 188 1.7834518715440256e+25 7.787419983927486e+21 257
33 871 0.8 189 1.9534009083547378e+31 8.316650496547732e+27 258
33 871 0.8 190 4.0631706648294175e+18 967254335815680.0 262
33 871 0.8 191 5.794372093621043e+16 1645561774080.0 262
33 871 0.8 192 1.1215194383696982e+27 7.20994825333686e+23 258
33 871 0.8 193 4.21526779762807e+25 1.4575937456899818e+22 261
33 871 0.8 194 2.2158750415645466e+25 5.368059044096837e+21 259
33 871 0.8 195 1.3517739463668333e+25 7.069687733750506e+21 264
33 871 0.8 196 6.8261756350994e+18 916110010920960.0 265
33 871 0.8 197 1.0425848945574447e+25 6.289183863039646e+21 260
33 871 0.8 198 2.2599460497202827e+19 5668057479168000.0 260
33 871 0.8 199 9.164101518258375e+21 2.1959689309854106e+18 259
33 871 0.8 200 1.09785126756698e+25 1.070388085500417e+22 262
33 871 0.8 201 8.946654215314957e+20 2.292222117740544e+17 262
33 871 0.8 202 3.700660682482453e+27 2.7154809056022375e+24 258
33 871 0.8 203 5.820798912865425e+24 1.0449359374278666e+21 260
33 871 0.8 204 7.325951916887908e+19 763787760390144.0 261
33 871 0.8 205 3.2380329033064765e+24 6.387143441212608e+20 259
33 871 0.8 206 7.422953350753659e+26 4.291927151469386e+23 258
33 871 0.8 207 3.425560564921911e+23 1.524048162851075e+20 260
33 871 0.8 208 2.1986345707435364e+19 2455045497225216.0 260
33 871 0.8 209 5.815543172647107e+24 2.2684499226228317e+21 259
33 871 0.8 210 7.907201057203273e+31 5.405081022637912e+28 256
33 871 0.8 211 1.330900559393293e+21 2.3049222133390387e+17 261
33 871 0.8 212 1.4246866933863355e+27 5.996031716243731e+22 259
33 871 0.8 213 3.349306575777533e+22 5.782604948115432e+18 259
33 871 0.8 214 1.4365314083823696e+23 4.31809187217408e+16 260
33 871 0.8 215 1.0241029646862434e+22 5.201270893473178e+18 260
33 871 0.8 216 1.3825632571529933e+25 1.196564222591271e+22 263
33 871 0.8 217 7.298347904457517e+23 5.853566023072504e+20 261
33 871 0.8 218 9.908799660325269e+19 180667087331328.0 263
33 871 0.8 219 4.455050884508928e+20 6.470615061024768e+16 260
33 871 0.8 220 4.690542683641393e+18 443402123673600.0 260
33 871 0.8 221 1.8721922297676328e+23 1.8639635788423522e+20 265
33 871 0.8 222 8.904118868763189e+22 3.571509763626191e+19 258
33 871 0.8 223 8.15453324053643e+20 8.580453075674726e+16 262
33 871 0.8 224 1.5890376817529782e+21 1.2879692962052962e+17 262
33 871 0.8 225 7.35583055308671e+21 2.625879731247626e+18 263
33 871 0.8 226 4.0124012160698496e+27 2.1423975524287531e+24 257
33 871 0.8 227 1.0392461145125296e+26 8.534199927364941e+22 258
33 871 0.8 228 3.803172495037179e+24 6.711910287788299e+20 258
33 871 0.8 229 1.4441506398382525e+26 7.213093869304098e+22 257
33 871 0.8 230 8.730344805725648e+23 1.1915423388190956e+20 260
33 871 0.8 231 7.95076064016547e+22 3.711318175260205e+19 260
33 871 0.8 232 5.848687735704847e+24 5.065132127164444e+21 261
33 871 0.8 233 2.30088584995975e+22 2.668664853368442e+18 261
33 871 0.8 234 8.297393826258954e+22 4.525150459485487e+18 256
33 871 0.8 235 5.058832989181325e+24 1.3669575823458508e+21 260
33 871 0.8 236 5.072411297484302e+21 1.423287748782981e+18 262
33 871 0.8 237 5.37850106109881e+22 9.218158378856415e+17 260
33 871 0.8 238 5.893113065998795e+24 1.4600095436979212e+21 259
33 871 0.8 239 1.1281728449958268e+25 3.5746421579446244e+21 260
33 871 0.8 240 4.217287170357614e+20 2.5259300854102426e+17 264
33 871 0.8 241 3.24980942896334e+21 5.837152630928947e+17 260
33 871 0.8 242 2.6934930953006904e+26 1.779658867845774e+23 257
33 871 0.8 243 2.0489003038869867e+25 1.9533661616378913e+22 259
33 871 0.8 244 4.232892257865308e+17 32749047816192.0 264
33 871 0.8 245 3.80339847638953e+16 7996245368832.0 264
33 871 0.8 246 4.460609338630953e+20 6.31531949211648e+16 262
33 871 0.8 247 2.570918638116367e+22 7.343088154596311e+18 263
33 871 0.8 248 2.077211973430748e+22 1.1458596118673089e+19 262
33 871 0.8 249 1.250583267475662e+21 1.4758233968314368e+17 259
33 871 0.8 250 7.597881512183421e+28 2.7362985735060705e+25 256
33 871 0.8 251 8.962301048416916e+21 2.508988074295296e+16 260
33 871 0.8 252 7.438033909456707e+26 5.119110648962413e+23 259
33 871 0.8 253 1.7671432942975304e+22 3.5808791187551964e+18 258
33 871 0.8 254 1.297612838851004e+22 2.7415469526121312e+17 260
33 871 0.8 255 4.333843411549276e+20 1.23775086403584e+16 266
33 871 0.8 256 3.906965575886319e+25 1.6051833417432824e+22 257
33 871 0.8 257 6.631171373406816e+20 4.120068254352768e+17 263
33 871 0.8 258 2.3293601811392396e+24 1.5075785286891916e+21 262
33 871 0.8 259 1.4089176540382158e+25 2.2104350057981778e+20 256
33 871 0.8 260 4.282450655275984e+21 1.8186917815310746e+18 261
33 871 0.8 261 5.4898359057829335e+25 2.182509203255436e+22 259
33 871 0.8 262 3.0494914735412557e+20 3.631020706658304e+16 260
33 871 0.8 263 8.921036265725015e+23 1.6291385390090095e+19 256
33 871 0.8 264 7.281961991344647e+28 4.823740419450379e+25 261
33 871 0.8 265 2.5548355462104173e+26 1.105945016817105e+23 260
33 871 0.8 266 1.4405736833902188e+21 1.0201226323968e+16 261
33 871 0.8 267 7.1500596402718845e+22 5.303017169917379e+18 260
33 871 0.8 268 2.016976530589878e+27 1.357270844085749e+24 259
33 871 0.8 269 2.0086888832740418e+24 3.8827063649003346e+20 259
33 871 0.8 270 8.350614775264379e+20 3.771323122043952e+17 260
33 871 0.8 271 1.9852430101527614e+22 4.552593851991257e+18 261
33 871 0.8 272 5.230173261688965e+23 2.975092915690141e+20 262
33 871 0.8 273 2.444338467941527e+22 4.931923099118631e+18 262
33 871 0.8 274 2.6274706711016754e+24 1.2918560279024813e+21 260
33 871 0.8 275 4.2967414821714e+25 3.481763550479069e+22 260
33 871 0.8 276 2.5191176159035207e+22 2.0328826721301504e+17 263
33 871 0.8 277 3.542390198125421e+25 2.026880498452318e+22 259
33 871 0.8 278 6.257424515473016e+24 2.4086129966868804e+21 261
33 871 0.8 279 8.342016450964024e+23 2.6487876310990848e+17 259
33 871 0.8 280 6.572175808353832e+28 1.6645907193319933e+25 258
33 871 0.8 281 1.181230333088958e+22 1.770808755794996e+18 262
33 871 0.8 282 7.016737532117133e+25 1.5071680558792704e+17 258
33 871 0.8 283 1.0488448456563891e+17 10550753982720.0 266
33 871 0.8 284 6.486692240318871e+21 1.4779860161909484e+18 260
33 871 0.8 285 3.815770404310957e+20 2.205738746236109e+16 263
33 871 0.8 286 2.396139414670585e+21 8.9652425854464e+16 262
33 871 0.8 287 1.958383168150627e+21 7.780949307957197e+17 261
33 871 0.8 288 2.4853484675906514e+21 1.25011134480384e+16 259
33 871 0.8 289 6.629579369385096e+24 8.238447230586639e+19 259
33 871 0.8 290 1.0309004709027054e+24 8.607160171119477e+20 263
33 871 0.8 291 1.384021906793394e+25 8.060517851147822e+21 261
33 871 0.8 292 1.1281492129522558e+27 5.48817359143905e+23 260
33 871 0.8 293 6.911401946792205e+20 2.5109428979397427e+17 260
33 871 0.8 294 9.435147209048639e+23 1.826147122939371e+20 262
33 871 0.8 295 1.1913276355180597e+24 3.232250294105434e+20 263
33 871 0.8 296 1.3460850827306801e+23 3.687564798456411e+19 261
33 871 0.8 297 4.5650110792498156e+24 4.1945644811816064e+18 261
33 871 0.8 298 2.2498393066135604e+23 1.5038572390594875e+20 263
33 871 0.8 299 1.2711848834547664e+25 4.711455360347556e+21 259
33 871 0.8 300 1.2685096385853342e+25 2.7803591722574807e+18 259
33 871 0.8 301 3.2216419626492127e+24 1.364964181440336e+21 257
33 871 0.8 302 9.727007041228626e+24 7.038450177579563e+21 258
33 871 0.8 303 3.18733539532161e+22 3.2107106202113434e+18 259
33 871 0.8 304 2.4986380195467513e+22 1.6242127708311114e+19 263
33 871 0.8 305 9.266257435765156e+17 87734261514240.0 264
33 871 0.8 306 9.310385855020846e+26 4.641863324225038e+23 258
33 871 0.8 307 2.031815433989495e+26 1.3058913792939347e+23 261
33 871 0.8 308 4.6508190718323287e+24 3.7307902769178624e+18 258
33 871 0.8 309 8.868503611793452e+24 6.297857493198086e+21 260
33 871 0.8 310 1.624674773112222e+24 1.0459700962580275e+18 259
33 871 0.8 311 4.764061953085734e+21 1.809925843309125e+18 260
33 871 0.8 312 4.286985467485082e+22 1.5980247473158863e+19 259
33 871 0.8 313 1.9160057233988363e+21 2.779379627693138e+17 261
33 871 0.8 314 6.90843702850468e+21 2.427327685006848e+16 259
33 871 0.8 315 1.0798411071276454e+22 2.10176275000832e+17 257
33 871 0.8 316 6.827187290662758e+27 2.4632995373185296e+23 259
33 871 0.8 317 2.4068827811750963e+20 1.1448620061032448e+16 260
33 871 0.8 318 2.702334993191423e+24 1.1058607678387061e+21 263
33 871 0.8 319 6.995093353837667e+17 53031505075200.0 260
33 871 0.8 320 6.207978961081406e+23 4.803236272220406e+18 260
33 871 0.8 321 1.8437332320073551e+18 782582084444160.0 263
33 871 0.8 322 1.7165483129985303e+23 1.9064200944915505e+18 259
33 871 0.8 323 6.931767726231357e+20 4.315650566602752e+16 263
33 871 0.8 324 9.561884640475583e+23 4.197728549287011e+20 259
33 871 0.8 325 9.381742829238765e+25 3.0973268345166286e+21 257
33 871 0.8 326 2.0875370063317664e+25 5.208082541899776e+17 259
33 871 0.8 327 2.3829765617292115e+23 5.0335679367232455e+19 258
33 871 0.8 328 2.2929798317315108e+21 4.7014507686150144e+17 262
33 871 0.8 329 1.8641577253774872e+21 2.3582966255923248e+17 261
33 871 0.8 330 9.315830068089708e+17 22251679672320.0 261
33 871 0.8 331 1.8090943084918914e+24 1.1083281831843597e+21 265
33 871 0.8 332 6.856443312072972e+22 2.7849908883266847e+19 261
33 871 0.8 333 3.217138708015401e+20 2.1234782460068352e+17 265
33 871 0.8 334 1.1015553786076081e+23 6.761596341111935e+19 262
33 871 0.8 335 2.4092581282399773e+23 3.0088355894032105e+19 258
33 871 0.8 336 7.053263126136593e+22 2.150738484859699e+16 260
33 871 0.8 337 335817666126432.0 23474126592.0 266
33 871 0.8 338 3.0761467821131586e+23 1.5515623065678266e+20 261
33 871 0.8 339 2.1671647044183893e+25 1.044548060577089e+22 258
33 871 0.8 340 7.712219168770073e+23 4.0846267995745065e+20 260
33 871 0.8 341 1.4550552861785003e+24 4.62341831355412e+20 259
33 871 0.8 342 1.3529689467838962e+20 340773771018240.0 259
33 871 0.8 343 1.2702542984286614e+19 165948632478720.0 264
33 871 0.8 344 1.0199661586691534e+25 3.025780542672042e+20 260
33 871 0.8 345 3.9517173977389405e+24 8.102259681982533e+19 258
33 871 0.8 346 5.747019459191151e+23 2.4746016669278975e+20 260
33 871 0.8 347 2.2012500314440086e+22 1.5250953134389174e+19 263
33 871 0.8 348 6.113995854518707e+21 1.0749277161013248e+17 261
33 871 0.8 349 1.0330193629478337e+23 3.6184408627820544e+19 262
33 871 0.8 350 3.4799245867355545e+21 1844461239312384.0 258
33 871 0.8 351 9.861841459481191e+21 4.1142358172043694e+18 263
33 871 0.8 352 3.6357080677476834e+20 1.2517434586550477e+17 261
33 871 0.8 353 1.6805535272723871e+22 1.9744428896761853e+18 261
33 871 0.8 354 3.6597593719141637e+24 1.795411649510289e+20 259
33 871 0.8 355 5.605989186080494e+19 2414989936558080.0 259
33 871 0.8 356 1.1550895056815186e+23 4.7670144947929915e+19 262
33 871 0.8 357 6.855881720206812e+25 1.8580284987663276e+22 259
33 871 0.8 358 1.832583291038101e+22 3.5305516721095557e+18 260
33 871 0.8 359 5.083379781377716e+18 800709127372800.0 263
33 871 0.8 360 1.1632757577578541e+22 4.831591203983923e+18 262
33 871 0.8 361 1.704788945130839e+18 732822451167744.0 266
33 871 0.8 362 1.3598391013111468e+27 5.8331120071833805e+22 257
33 871 0.8 363 2.539177243344892e+21 1.3440173400815616e+18 264
33 871 0.8 364 9.926643153008963e+28 1.039689306436854e+26 259
33 871 0.8 365 9.091681388517618e+21 3.514992985943853e+18 261
33 871 0.8 366 9.284950225996888e+22 2.3984206154573414e+19 261
33 871 0.8 367 1.1378539841593651e+26 2.0998961313924946e+20 259
33 871 0.8 368 1.2810138608088835e+25 4.0233364508934013e+21 260
33 871 0.8 369 1.2508974866214592e+24 5.7717529895856734e+20 262
33 871 0.8 370 3.1671071252811975e+22 1.70770321071983e+19 264
33 871 0.8 371 1.9404145611513533e+24 1.6219825546300827e+20 261
33 871 0.8 372 3.277307927856688e+25 7.568522292937069e+21 260
33 871 0.8 373 4.46458177848889e+23 7.510843550197108e+19 259
33 871 0.8 374 1.2923165518653314e+23 8.137944515439085e+19 259
33 871 0.8 375 6.174375189390587e+19 1821466165248.0 261
33 871 0.8 376 4.28049868304723e+20 1.5870936643043328e+17 264
33 871 0.8 377 2.252844468264164e+20 1.5629371983525312e+17 264
33 871 0.8 378 7.448919944244331e+22 1.3728591701772337e+19 263
33 871 0.8 379 2.2551704615613962e+23 3.7501862490371916e+19 263
33 871 0.8 380 3.683067144480039e+18 1847131565654016.0 266
33 871 0.8 381 1.1720901043590939e+24 5.446506826297371e+20 261
33 871 0.8 382 4.0236350988848427e+21 1.885345163200512e+17 262
33 871 0.8 383 3.734346823573582e+21 8.897783963636736e+17 262
33 871 0.8 384 1.2207409867775433e+25 7.773943404966543e+18 262
33 871 0.8 385 3.572439704960453e+18 1610440768290816.0 263
33 871 0.8 386 1.0446040751788738e+25 9.426154905446023e+21 259
33 871 0.8 387 4.632469391772456e+21 2672547125760000.0 260
33 871 0.8 388 1.1519041767469039e+26 1.4571947640133142e+22 258
33 871 0.8 389 6.632408814966455e+21 1.5615014190999552e+18 261
33 871 0.8 390 6.6499065323500425e+22 1.4657384617804431e+19 260
33 871 0.8 391 1.4312293867053987e+21 1.47601721173824e+17 262
33 871 0.8 392 8.466909272758714e+22 6.340147694834275e+19 262
33 871 0.8 393 5.674035234329478e+21 6.817896174958019e+17 262
33 871 0.8 394 5.602559153484744e+25 4.559546724902328e+22 260
33 871 0.8 395 1.0725650104948394e+23 5.44057591709856e+16 259
33 871 0.8 396 8.568395671463575e+24 1.8106842030724895e+21 258
33 871 0.8 397 1.351407819287868e+25 2.75953060196052e+20 259
33 871 0.8 398 5.219643116256231e+23 1.6503162867472343e+18 261
33 871 0.8 399 1.4028612290939383e+27 5.816448251197194e+19 259
33 871 0.8 400 1.7457153778064522e+25 1.0818023054586742e+22 260
33 871 0.8 401 9.602931085770662e+21 1.0646194581504e+17 260
33 871 0.8 402 4.720964825954163e+25 5.44296168259569e+21 262
33 871 0.8 403 5.034600985368002e+24 1.7230072291250256e+21 263
33 871 0.8 404 1.7818505721512677e+19 1.2940950645504e+16 265
33 871 0.8 405 7.859471928775023e+27 2.670322694892315e+24 258
33 871 0.8 406 1.7813102342037413e+23 1.5909414794490986e+20 263
33 871 0.8 407 3.1924372534046694e+22 3.7081544666299776e+17 259
33 871 0.8 408 1.7182593825839997e+26 1.6211267569046424e+23 261
33 871 0.8 409 4.052243457914017e+19 2.234817879657984e+16 261
33 871 0.8 410 2.515695381361577e+24 1.8649205720129274e+21 260
33 871 0.8 411 7.822447103232766e+25 1.0532809985196114e+22 260
33 871 0.8 412 2.2312168405839924e+20 6.40887634024151e+16 260
33 871 0.8 413 5.663094025429284e+25 4.873226058774853e+22 262
33 871 0.8 414 8.90763058651272e+21 1.3570242313354307e+18 263
33 871 0.8 415 1.0664096494960432e+23 2.005374231201411e+18 259
33 871 0.8 416 5.182664053061974e+25 5.056687824938377e+22 262
33 871 0.8 417 1.0521208128512105e+21 4.23339724826026e+17 261
33 871 0.8 418 1.6511939091437225e+23 2.351559578904576e+16 262
33 871 0.8 419 5.093641665190211e+26 2.96371958136875e+23 260
33 871 0.8 420 1.0216550004788233e+26 9.574431519444306e+22 263
33 871 0.8 421 1.3276437053450688e+25 3.5104214209002477e+21 256
33 871 0.8 422 2.875590301594389e+19 1.7437880807424e+16 264
33 871 0.8 423 9.035371634981056e+24 4.457680079785498e+21 260
33 871 0.8 424 1.9450920474999714e+22 8.780554694282969e+18 261
33 871 0.8 425 1.7593392373034028e+18 697619160844032.0 262
33 871 0.8 426 4.649904560080238e+22 1.8115895194261197e+19 263
33 871 0.8 427 1.1474092464557568e+24 7.828698186077403e+20 261
33 871 0.8 428 1.745884224574286e+25 1.538071939008064e+21 261
33 871 0.8 429 4.515014814861981e+22 3.151360556981313e+19 263
33 871 0.8 430 7.677027754750036e+24 3.8877047297644954e+20 258
33 871 0.8 431 3.1747021402044684e+26 3.6814716462579333e+22 257
33 871 0.8 432 4.67367204607293e+22 1.0293792774923059e+18 261
33 871 0.8 433 2.6580089027798948e+20 7.04481747959808e+16 263
33 871 0.8 434 3.159403539260246e+26 5.077540293466752e+22 258
33 871 0.8 435 9.947958012138157e+24 2.5936525730112307e+18 254
33 871 0.8 436 4.032063682920295e+25 1.6301942140978567e+22 260
33 871 0.8 437 6.621687181029856e+28 7.313513369233805e+25 259
33 871 0.8 438 5.3629771542438996e+20 1.585584948921241e+17 263
33 871 0.8 439 2.528912716401413e+23 1.375308873787625e+20 263
33 871 0.8 440 4.096947238627416e+22 3.702939119664558e+19 265
33 871 0.8 441 4.238617622621929e+27 2.1673760986526377e+23 257
33 871 0.8 442 6.0901032613257235e+25 4.160166563973169e+19 257
33 871 0.8 443 4.4789894501372094e+20 9.324969564627763e+16 264
33 871 0.8 444 1.4554167530952963e+23 4.627601741290844e+19 261
33 871 0.8 445 3.1813817456153805e+24 5.7423774197659605e+20 260
33 871 0.8 446 2.372769500833992e+21 1.1272980700624896e+17 257
33 871 0.8 447 3.237281272247078e+24 1.4189241889225315e+20 258
33 871 0.8 448 1.5721029264950243e+23 5.9279291275092296e+19 261
33 871 0.8 449 2.1668775311770087e+19 3925365973401600.0 261
33 871 0.8 450 2.296143520544131e+25 6.535335414707135e+20 260
33 871 0.8 451 1.1697055025860635e+22 9.943231670900076e+17 260
33 871 0.8 452 9.417807817762975e+22 6.763614623281367e+19 261
33 871 0.8 453 1.6376393557974873e+20 7.843408002706637e+16 260
33 871 0.8 454 5.7373768344296613e+20 512831651020800.0 257
33 871 0.8 455 1.183204372041716e+21 2.372591440429056e+17 259
33 871 0.8 456 1.5657364038813144e+25 9.29196580771563e+21 260
33 871 0.8 457 6.389128145224996e+17 8811161026560.0 262
33 871 0.8 458 1.3923405188282227e+26 1.4928077180180835e+21 258
33 871 0.8 459 5.798035772246082e+23 3.030026338755525e+20 262
33 871 0.8 460 1.8579918931198093e+23 2.1022137458608417e+18 262
33 871 0.8 461 2.3452856356547305e+26 5.440563775353e+22 259
33 871 0.8 462 2.9935859293615144e+23 1.2808123705617408e+19 259
33 871 0.8 463 1.070626217224953e+27 1.0044923810584087e+24 260
33 871 0.8 464 4.999818835332079e+19 1.6874045629056e+16 266
33 871 0.8 465 1.2774953458419443e+22 6.642943548280013e+17 261
33 871 0.8 466 1.9631275806503137e+23 3.391997959812708e+19 260
33 871 0.8 467 2.786752279402791e+19 5204535335239680.0 262
33 871 0.8 468 3.4664617213262788e+22 1.5011799766806082e+19 265
33 871 0.8 469 1.6657367323268096e+22 8.265928629767962e+16 259
33 871 0.8 470 1.8423582793770958e+21 1.223234959263744e+18 262
33 871 0.8 471 1.3559299399287679e+23 1.1517355457459712e+19 258
33 871 0.8 472 4.529669549255758e+22 8.230539300983325e+18 260
33 871 0.8 473 1.024029831437287e+21 1.783330917343488e+17 261
33 871 0.8 474 6.0571140234043327e+26 4.349125042688664e+23 260
33 871 0.8 475 1.2896591369770007e+27 4.397847469064996e+23 259
33 871 0.8 476 6.60294961626218e+21 3.1718383377408e+17 261
33 871 0.8 477 2.6200658660411063e+23 4.4578191230602445e+18 260
33 871 0.8 478 4.1222888084683275e+24 2.3437508294541607e+19 258
33 871 0.8 479 4.7764492289843814e+19 337259510784000.0 262
33 871 0.8 480 1.515671954804115e+23 1.530709232021545e+19 258
33 871 0.8 481 2.72613694049571e+24 1.2094059001400902e+21 260
33 871 0.8 482 4.759086980060928e+18 1206968016024000.0 261
33 871 0.8 483 1.0326937320479245e+27 7.959506502095941e+23 259
33 871 0.8 484 6.088579095654142e+22 1.759306897442291e+18 260
33 871 0.8 485 4.1382036584637323e+24 4.770066314623003e+18 260
33 871 0.8 486 7.641908151173141e+23 1.4402726531004672e+17 260
33 871 0.8 487 5.472671016260845e+24 1.493817186467408e+21 260
33 871 0.8 488 9.905586143097873e+23 7.870009707115809e+20 260
33 871 0.8 489 3.819132342767565e+24 2.0630087730775733e+21 258
33 871 0.8 490 8.53009360296162e+28 3.1183649976816455e+25 258
33 871 0.8 491 8.521051475465191e+26 8.304729235242195e+23 262
33 871 0.8 492 2.3365346632186855e+19 85831475558400.0 259
33 871 0.8 493 5.224255351000912e+27 8.176258799077719e+23 260
33 871 0.8 494 8.68201476403703e+22 3.4949476028764328e+19 263
33 871 0.8 495 5.256365087613029e+21 4.699687556461363e+17 261
33 871 0.8 496 1.672668090390657e+24 1.482991082496e+17 260
33 871 0.8 497 9.573265205125973e+20 6.687292620541133e+17 263
33 871 0.8 498 1.9260240990469693e+19 7407877622222848.0 263
33 871 0.8 499 6.645279777818255e+22 6.852357301211136e+18 260
33 871 0.8 500 9.481237076691393e+21 2.0876444536041943e+18 261
33 871 0.8 501 2.373315994372533e21 4.06865547771904e16 264
33 871 0.8 502 7.678681806904547e21 1.1175210103465774e18 263
33 871 0.8 503 1.2892937565007458e25 8.900277929548997e21 259
33 871 0.8 504 3.27118400782384e21 4.682367386344028e17 259
33 871 0.8 505 2.8641230583503844e23 1.110744458031835e20 261
33 871 0.8 506 3.823810254093092e26 3.356095068106154e23 261
33 871 0.8 507 1.01365269886319e25 3.8925323444597115e21 258
33 871 0.8 508 4.648880047467521e20 2.415113224361832e17 265
33 871 0.8 509 2.871718280317407e20 5.984871008269363e16 263
33 871 0.8 510 5.7301537563555755e23 9.58846554076724e19 260
33 871 0.8 511 1.9177625077484768e24 1.4742498318170486e20 258
33 871 0.8 512 9.141225059311133e26 9.566660519623523e23 259
33 871 0.8 513 2.1293605479571706e19 2.4895295111808e15 262
33 871 0.8 514 3.7260242505529846e18 2.726771475456e12 262
33 871 0.8 515 1.6300475884754296e22 1.2751809496901444e19 264
33 871 0.8 516 3.710663817586131e21 2.931006907293696e16 259
33 871 0.8 517 5.8753889804190524e23 3.5092658198447263e18 258
33 871 0.8 518 5.644434220387159e20 2.3781924360576e17 265
33 871 0.8 519 4.990086530114458e18 8.889744162816e14 262
33 871 0.8 520 4.8050090733663104e23 3.847934578541875e19 261
33 871 0.8 521 1.2242126425776207e18 2.9753032845312e13 261
33 871 0.8 522 3.433696060383579e23 2.3590192468707885e20 261
33 871 0.8 523 6.92641709349117e28 2.4912045603355088e25 259
33 871 0.8 524 2.0984310904873388e24 5.593500705662715e17 264
33 871 0.8 525 1.8678744429874065e24 8.941787616761557e20 261
33 871 0.8 526 6.466518101501142e22 4.789279877700611e19 262
33 871 0.8 527 4.892960378723918e24 2.2088648588298709e21 260
33 871 0.8 528 3.0507060177400024e21 1.2911136473871544e18 262
33 871 0.8 529 2.9943402345602544e24 1.0002447662099017e20 258
33 871 0.8 530 1.749596697626465e27 6.920555389105655e23 257
33 871 0.8 531 5.938223559031019e22 2.0516434838264218e17 259
33 871 0.8 532 6.682813607384577e20 1.2007373099876352e17 264
33 871 0.8 533 1.0480294145646087e23 4.2410487839127994e19 263
33 871 0.8 534 4.424512415919872e15 2.2028852736e11 263
33 871 0.8 535 4.847654627245876e26 4.391535253229994e23 261
33 871 0.8 536 2.8124844186929092e22 1.5064740407240294e18 258
33 871 0.8 537 1.2061518123831904e22 6.104451733018217e18 263
33 871 0.8 538 1.742566076327778e21 7.450355888092529e17 260
33 871 0.8 539 2.74757142292098e24 3.993402754484732e20 260
33 871 0.8 540 9.443105512900042e24 4.0967701188188643e21 259
33 871 0.8 541 2.3116305917414013e24 6.995881044833455e19 261
33 871 0.8 542 4.58915341045552e22 1.7592288730435584e18 261
33 871 0.8 543 1.8920914696193172e21 5.149274045600563e17 260
33 871 0.8 544 1.1460353443472736e18 8.587912032e13 263
33 871 0.8 545 8.82432279997173e23 4.850592699813551e20 259
33 871 0.8 546 1.3424809519730284e25 1.1860161019652106e21 259
33 871 0.8 547 3.2569756774167985e24 9.191463780820251e19 259
33 871 0.8 548 3.7154511812334204e23 8.909001209103924e19 262
33 871 0.8 549 2.2832533673908371e21 7.309327006517944e17 258
33 871 0.8 550 5.161212728628185e17 5.8649941586112e13 264
33 871 0.8 551 3.233281250726148e26 1.7979317681606756e23 257
33 871 0.8 552 9.646477090398538e20 2.8367692478371277e17 263
33 871 0.8 553 4.6030788657635564e24 8.061746051696444e20 259
33 871 0.8 554 4.966896975888271e24 1.775644673155493e21 259
33 871 0.8 555 5.51161509714301e27 2.3461640303998475e24 258
33 871 0.8 556 1.0735186932155169e21 1.21486466407572e16 260
33 871 0.8 557 8.567577243425297e20 1.7292967513797427e17 263
33 871 0.8 558 1.4219522364521342e22 3.976193834858447e18 261
33 871 0.8 559 3.630223900993502e25 9.829424016017634e21 259
33 871 0.8 560 4.830711512772384e24 2.621568247659549e21 261
33 871 0.8 561 8.129561669592307e26 8.687096594500884e22 259
33 871 0.8 562 9.458414204015092e19 8.55561019686912e15 263
33 871 0.8 563 1.752077997672358e24 1.795186883673916e20 261
33 871 0.8 564 3.076081966141739e29 2.8054914706818312e26 256
33 871 0.8 565 1.0368078403603389e24 4.380896906739571e20 262
33 871 0.8 566 1.3719174091820326e24 1.4644591590008493e20 260
33 871 0.8 567 6.214222682578174e25 2.6272717923726632e22 263
33 871 0.8 568 4.912571792958192e23 2.4534989776159883e19 259
33 871 0.8 569 4.648555232348426e23 2.1170874396672e13 261
33 871 0.8 570 1.234412499055205e23 5.9465714018634105e19 258
33 871 0.8 571 4.9464943821046004e22 1.738038515383296e19 262
33 871 0.8 572 6.475663345533035e20 1.052221827723264e17 260
33 871 0.8 573 1.2771390723225768e19 9.15192724771584e14 262
33 871 0.8 574 4.679069663803894e22 3.678966198206802e18 262
33 871 0.8 575 1.1816981382859244e19 9.48518395508736e14 262
33 871 0.8 576 4.315283059614692e19 2.2116481772864256e16 264
33 871 0.8 577 3.932297768318174e23 2.164384732120906e20 261
33 871 0.8 578 1.3157676942360082e29 1.1247910123689341e26 258
33 871 0.8 579 1.063362314850701e20 6.46488232568064e16 264
33 871 0.8 580 1.9022019024022363e23 1.7759623278946406e19 262
33 871 0.8 581 2.5557397170860505e21 1.2933775207305792e18 261
33 871 0.8 582 1.9577496519003856e26 9.591683635469868e22 258
33 871 0.8 583 1.7052495744474689e25 5.03069200249986e21 258
33 871 0.8 584 8.590429669381262e23 2.3436234534418868e20 260
33 871 0.8 585 9.962080924333313e22 2.487977871527117e19 262
33 871 0.8 586 1.761746537628693e21 1.66086223293312e15 258
33 871 0.8 587 3.5328916121410945e19 2.57099242143744e14 260
33 871 0.8 588 1.1365479263840256e18 5.625593856e13 264
33 871 0.8 589 1.905043946758735e25 4.4827692323184087e21 256
33 871 0.8 590 1.0620986275574372e23 1.7153044697198592e18 258
33 871 0.8 591 1.1985047070960022e23 5.6895132782777795e19 259
33 871 0.8 592 2.011487979612375e22 1.7052551442107597e17 260
33 871 0.8 593 8.608948989809885e18 2.455081732325376e15 264
33 871 0.8 594 2.585311241253758e19 1.1017680392272896e16 262
33 871 0.8 595 2.4458044757490653e28 2.5292707878153163e25 260
33 871 0.8 596 2.6412227042578354e27 2.0913916226854015e24 259
33 871 0.8 597 3.086871319556354e25 1.8837126729794028e20 259
33 871 0.8 598 2.1326601698755164e18 6.16572619488e14 265
33 871 0.8 599 3.386489058326818e26 9.229534608600888e22 257
33 871 0.8 600 4.4245056453362585e24 2.1710225239548554e21 260
33 871 0.8 601 4.5396956089985664e24 2.755974709666885e21 258
33 871 0.8 602 3.377579503838723e21 1.15408836675072e15 261
33 871 0.8 603 4.883740830465786e24 1.7965851518504488e20 262
33 871 0.8 604 4.65891922927289e24 6.232163824609154e20 259
33 871 0.8 605 2.1481571069211152e24 1.9051161765765188e21 262
33 871 0.8 606 6.388239566338171e28 5.462782553886531e25 260
33 871 0.8 607 4.699163649449462e24 4.938211205364931e21 260
33 871 0.8 608 1.0521295892511895e20 1.1781247647744e16 263
33 871 0.8 609 1.8257433781782393e26 1.1943908355682957e23 259
33 871 0.8 610 7.273553784524811e21 7.838798831097011e16 260
33 871 0.8 611 9.305019066652424e23 3.3779757720123684e20 258
33 871 0.8 612 2.17804732437725e22 1.6827526930732536e19 262
33 871 0.8 613 1.3912085456158502e24 2.7215191677559305e20 263
33 871 0.8 614 1.9194896583165791e21 1.4549574333116416e16 260
33 871 0.8 615 1.6728013810004912e24 5.132210621845231e20 258
33 871 0.8 616 1.0206838915933535e22 1.266241060053653e18 263
33 871 0.8 617 1.2854759020598472e25 5.869742461382689e20 262
33 871 0.8 618 8.252753868309021e23 3.35392668744717e20 262
33 871 0.8 619 5.42149798339112e25 2.8326089303574087e22 257
33 871 0.8 620 1.0491182027910218e23 2.919374663572604e19 264
33 871 0.8 621 3.5352822563602123e21 1.4960898368749302e18 259
33 871 0.8 622 9.593382286611868e27 3.5840230634966725e23 258
33 871 0.8 623 5.349582101100555e28 1.6922165891176622e21 258
33 871 0.8 624 4.88135165104581e28 2.6322773134451607e24 258
33 871 0.8 625 6.139171736052514e19 7.70007208034304e14 261
33 871 0.8 626 2.3914000088840456e23 3.081030812150599e19 258
33 871 0.8 627 1.3398874634599604e19 1.490480121581568e15 262
33 871 0.8 628 2.9114246685667184e20 1.1168879289974784e16 258
33 871 0.8 629 1.3635161899716163e29 1.9514053846331154e25 257
33 871 0.8 630 2.1365195192214413e18 8.0035312896e14 262
33 871 0.8 631 1.7466635470410869e22 1.2019854711847772e18 259
33 871 0.8 632 4.516368827676181e20 2.56089645121536e15 261
33 871 0.8 633 5.824771638402091e22 7.078717141855949e17 260
33 871 0.8 634 2.205519497144111e26 1.8069417365812378e23 260
33 871 0.8 635 4.549778524787884e19 3.390680216272896e15 260
33 871 0.8 636 1.4538186397392477e24 3.250761490051891e20 257
33 871 0.8 637 6.852915704147035e23 1.5652018875999683e19 258
33 871 0.8 638 3.0491908128584106e29 1.7608764829742897e26 260
33 871 0.8 639 5.142764644425699e20 3.5393902881325056e17 263
33 871 0.8 640 2.876196448867544e24 7.784076454681556e20 262
33 871 0.8 641 1.3043017975839687e22 1.796071625909084e17 260
33 871 0.8 642 1.5207234312540272e24 9.361436692940122e20 259
33 871 0.8 643 8.389386253279284e24 1.8785449902903777e21 259
33 871 0.8 644 4.7296436627174564e27 1.4009361064006075e24 258
33 871 0.8 645 3.685419067720514e23 2.4484915785014555e20 259
33 871 0.8 646 3.5906082829640255e25 1.5298634841860964e20 262
33 871 0.8 647 3.765710556978169e23 1.383338771086445e20 261
33 871 0.8 648 8.25753801151576e17 6.661023704064e13 263
33 871 0.8 649 6.349074468733793e22 5.052038234962955e19 262
33 871 0.8 650 4.033006653070356e25 1.5578887422982462e20 259
33 871 0.8 651 8.06905348935907e23 2.7169468416e13 259
33 871 0.8 652 2.814176685656068e22 1.0841315764704768e19 261
33 871 0.8 653 3.0216768681067584e28 2.862512464286081e25 259
33 871 0.8 654 8.030591532538802e22 2.38058959624416e18 259
33 871 0.8 655 9.599682871324713e18 1.6978502306304e13 263
33 871 0.8 656 2.4756118733329253e26 2.096163029299927e23 259
33 871 0.8 657 3.5411532409282154e20 3.302581911552e15 263
33 871 0.8 658 1.6593648424044598e26 1.3141588372933703e22 258
33 871 0.8 659 3.2641810156357107e22 1.8767530031552504e19 263
33 871 0.8 660 1.5453707296699854e24 1.3725135817154086e21 261
33 871 0.8 661 5.826298652752357e21 9.01301468544e13 262
33 871 0.8 662 2.770029118193802e23 1.0189273786963968e19 262
33 871 0.8 663 2.1946055934419585e22 1.493081711602514e18 260
33 871 0.8 664 3.096455661468541e21 4.587563908835942e16 258
33 871 0.8 665 7.01006733077904e24 3.997289108979563e21 260
33 871 0.8 666 2.1379979544225472e21 1.6339304448e11 259
33 871 0.8 667 1.2170755686383161e27 4.734719701505604e23 257
33 871 0.8 668 6.022583237688357e18 2.9079271424e13 259
33 871 0.8 669 7.95364228639134e23 4.280726791477569e20 259
33 871 0.8 670 1.232366770254293e24 4.800423221915702e20 261
33 871 0.8 671 1.7514382600848768e24 5.575619644879661e19 258
33 871 0.8 672 3.4209102335119574e21 1.41810389338464e18 261
33 871 0.8 673 2.0725002602926033e22 3.476543046156288e18 258
33 871 0.8 674 1.2849706659131514e23 3.3567489191279e18 260
33 871 0.8 675 3.535926427263689e21 8.749980987039744e15 264
33 871 0.8 676 9.889849356238736e21 2.3022240173174016e17 262
33 871 0.8 677 6.132710170528323e20 1.1694967429454669e17 260
33 871 0.8 678 6.5585180957553e22 4.887015237565171e16 261
33 871 0.8 679 2.4204711689675216e22 2.780284811034023e18 260
33 871 0.8 680 7.116240823243791e21 4.286753754174259e18 263
33 871 0.8 681 3.6836575284911155e17 2.1110381346816e13 264
33 871 0.8 682 3.17757486453409e25 2.6735360427230434e22 260
33 871 0.8 683 1.4706090085043984e21 8.217973645340544e17 265
33 871 0.8 684 8.584064882792467e20 1.684720041984e16 262
33 871 0.8 685 3.050366537216126e23 8.719273172411117e19 261
33 871 0.8 686 5.717497546228809e21 3.092263847126139e17 261
33 871 0.8 687 8.727974932739131e22 4.344809828478707e19 263
33 871 0.8 688 3.077113953601116e21 1.190911963557888e18 262
33 871 0.8 689 3.239752745055525e25 6.612522758768831e21 260
33 871 0.8 690 2.0064831722667565e19 5.6636479266048e14 260
33 871 0.8 691 2.693764783789831e18 5.7641665536e12 260
33 871 0.8 692 1.863290941585607e20 1.57810162139136e16 260
33 871 0.8 693 7.381947076294109e24 2.2875043710981214e21 259
33 871 0.8 694 1.338960141186648e20 1.10898979946496e16 261
33 871 0.8 695 2.7781946103064353e20 4.417729524790272e16 264
33 871 0.8 696 8.483374859160229e24 5.531777339135932e21 259
33 871 0.8 697 2.4718965489650962e23 2.0860963106869222e20 264
33 871 0.8 698 8.580828645763548e24 1.874879867644504e21 259
33 871 0.8 699 1.1917074940524164e20 3.05562525714432e15 258
33 871 0.8 700 1.112180083108081e24 1.876647584126601e20 262
33 871 0.8 701 4.791978020756654e20 1.957848428939182e17 265
33 871 0.8 702 2.1533930533770154e24 4.574312154270686e19 261
33 871 0.8 703 2.944871379291341e21 9.667373315903078e17 261
33 871 0.8 704 7.264201032485543e24 2.6024841494881297e21 258
33 871 0.8 705 2.2756150242340842e23 1.3616556220337817e20 262
33 871 0.8 706 5.5931711266877375e22 1.6225175398629626e19 264
33 871 0.8 707 1.388644192985122e24 4.644889973083143e20 261
33 871 0.8 708 5.3132436628600876e26 2.8397433553874035e23 258
33 871 0.8 709 4.991686761122443e20 1.2044019898463616e17 264
33 871 0.8 710 3.2228875632235595e23 1.6002085883078718e20 260
33 871 0.8 711 5.067987914124282e19 1.902772224e11 261
33 871 0.8 712 1.5789567309585635e25 4.1059298956085863e21 259
33 871 0.8 713 1.2943856470146204e26 7.82478248982984e22 259
33 871 0.8 714 1.9594521228666586e22 4.956271173310464e18 263
33 871 0.8 715 1.583942032072579e24 1.0418675434124437e21 260
33 871 0.8 716 6.020196446429382e23 2.5828216257622286e19 260
33 871 0.8 717 5.580455642384906e21 9.746216284870898e17 261
33 871 0.8 718 5.657804093339793e22 1.8619564400911053e19 261
33 871 0.8 719 2.9998399844872654e23 1.7810620107234276e20 259
33 871 0.8 720 2.0113381651936625e22 4.540288566717481e18 259
33 871 0.8 721 4.051477821063289e25 5.282330856052624e21 257
33 871 0.8 722 4.739542160477011e20 5.692773451876762e16 258
33 871 0.8 723 2.09240415235181e22 6.58732847348736e17 260
33 871 0.8 724 4.754622903978087e24 1.9441080330618185e21 261
33 871 0.8 725 3.368573170737875e26 1.6992535771174016e23 259
33 871 0.8 726 1.6492296525534854e17 3.6710727289344e13 261
33 871 0.8 727 3.316884493043139e25 1.174736874756074e22 259
33 871 0.8 728 1.0900467561252792e23 5.057769361399073e18 263
33 871 0.8 729 1.0670472249576403e19 2.25146654355456e14 260
33 871 0.8 730 1.6076710009594209e22 1.013190355664136e19 263
33 871 0.8 731 2.7927118300830568e23 1.0952137493792326e19 265
33 871 0.8 732 9.607416801169747e23 5.5515657261241316e20 262
33 871 0.8 733 5.4832159895871325e26 8.454261662970882e20 261
33 871 0.8 734 7.202215986120342e22 6.672879107519627e19 262
33 871 0.8 735 1.9391181770860416e16 3.8893181184e11 264
33 871 0.8 736 2.3335972968445913e21 5.965380130925937e17 262
33 871 0.8 737 1.128539674757309e21 2.1401462796703168e17 262
33 871 0.8 738 2.6421543208106298e26 8.463487258222957e22 260
33 871 0.8 739 5.677050989560774e23 2.2367849119652925e20 259
33 871 0.8 740 3.543700954095323e21 9.87985539661824e16 256
33 871 0.8 741 2.790411165024087e30 5.357057119133965e26 256
33 871 0.8 742 3.183475253201433e21 1.522671353856e12 260
33 871 0.8 743 3.9072592648561983e20 9.527441843316326e16 259
33 871 0.8 744 1.818786587011512e25 4.780601588211815e21 259
33 871 0.8 745 3.452588743761907e27 2.0943300144152244e24 259
33 871 0.8 746 1.217005020776957e24 1.8112389370402406e19 259
33 871 0.8 747 1.6403743897527944e26 1.564394929181537e23 261
33 871 0.8 748 6.007964675717737e23 2.7009866268415623e19 260
33 871 0.8 749 5.830894004635689e23 2.493244663232726e20 260
33 871 0.8 750 8.038101955764393e22 1.6149005477093007e18 263
33 871 0.8 751 7.556208791852271e23 1.4641403583569461e20 260
33 871 0.8 752 1.3487278004406084e22 1.58532835958784e15 260
33 871 0.8 753 1.88828925744645e22 4.185976408359969e18 261
33 871 0.8 754 7.846485361113174e21 5.088277064675121e18 263
33 871 0.8 755 7.73277051010333e24 4.99516010907476e19 259
33 871 0.8 756 4.434178405539365e25 1.6205429286711735e21 260
33 871 0.8 757 4.910722169462457e25 1.1601358424022165e22 258
33 871 0.8 758 2.7375334938827314e21 3.856959597306816e17 262
33 871 0.8 759 8.131157633211366e26 4.5795430541681344e23 259
33 871 0.8 760 3.546588256902837e22 1.6488001309127414e19 261
33 871 0.8 761 2.5224485705076695e18 1.38876512698368e15 265
33 871 0.8 762 2.362660860279194e22 1.4650051334903777e19 261
33 871 0.8 763 6.91401406449758e20 2.4032543944098816e17 260
33 871 0.8 764 3.174079547444268e20 1.0376291527831757e17 264
33 871 0.8 765 3.355075653803253e20 4.510648419876864e16 263
33 871 0.8 766 2.0658331549548565e24 1.0839532294143722e21 261
33 871 0.8 767 1.616998712024334e17 1.46066374656e11 265
33 871 0.8 768 4.203611746922391e26 1.7048245584827736e23 260
33 871 0.8 769 2.304446365165249e25 3.383823807342663e19 257
33 871 0.8 770 1.0144330345038867e22 2.5708815608576164e18 260
33 871 0.8 771 2.711643250476706e19 9.002144050937856e15 261
33 871 0.8 772 2.9843362754138854e23 1.941270560310067e16 259
33 871 0.8 773 2.876832009157807e22 5.8849014841344e15 261
33 871 0.8 774 2.5927824095738467e22 3.4058686931202355e18 259
33 871 0.8 775 3.83225632712791e23 8.828652377291489e18 259
33 871 0.8 776 1.207814360744425e23 1.1187234356774326e19 262
33 871 0.8 777 1.545074205348768e25 1.4258596577201386e22 261
33 871 0.8 778 3.975195890628106e25 2.7024323603984487e22 260
33 871 0.8 779 2.0760823862319057e21 6.328686376874972e17 259
33 871 0.8 780 8.047918138200174e18 2.04498804916224e14 261
33 871 0.8 781 2.7792046757824193e24 4.59943432237879e20 259
33 871 0.8 782 2.8119274105880843e22 1.3324237782618378e19 262
33 871 0.8 783 9.091932837735113e24 5.856786890441976e21 257
33 871 0.8 784 8.61536449308971e22 6.727470885397584e18 261
33 871 0.8 785 1.5695623222286822e26 2.3335788852884577e20 259
33 871 0.8 786 1.1730593136809054e22 8.007592896941507e18 263
33 871 0.8 787 1.7345513163186938e25 1.0960691012927348e21 260
33 871 0.8 788 6.14479143732857e22 2.9108958487605252e19 263
33 871 0.8 789 1.8556389885209716e22 5.835367109025792e15 258
33 871 0.8 790 9.823745540728132e25 4.072983867552426e22 259
33 871 0.8 791 1.0941003825198899e23 2.974815686836224e15 258
33 871 0.8 792 2.01622734588131e20 1.93021461430272e15 259
33 871 0.8 793 6.31568458222371e26 3.9083593477063076e23 262
33 871 0.8 794 1.1186080612134694e28 2.3357222931665177e24 257
33 871 0.8 795 6.752117853128344e24 5.839298458344041e21 261
33 871 0.8 796 7.081938032996627e24 1.259045263156897e21 259
33 871 0.8 797 1.2905605925418254e19 1.848938265216e14 262
33 871 0.8 798 1.5233895544420872e21 2.4890741960868e15 260
33 871 0.8 799 3.807885320890339e21 1.6033575992426496e18 262
33 871 0.8 800 1.8279437676603766e23 5.321840984055539e19 260
33 871 0.8 801 1.387602308751841e24 7.64292501017721e20 260
33 871 0.8 802 1.127940519374114e22 3.420257572555868e18 259
33 871 0.8 803 4.516370650746872e23 2.450476606677664e18 261
33 871 0.8 804 1.420799103149248e20 5.8864147808256e15 262
33 871 0.8 805 1.6321641328698412e22 4.246181739638784e17 258
33 871 0.8 806 2.206985572859302e19 2.94198297740928e15 263
33 871 0.8 807 1.1033241291117795e23 7.723816805274024e18 259
33 871 0.8 808 5.443704756742378e20 1.020744372394414e17 264
33 871 0.8 809 7.870896292231412e18 3.873106944e13 262
33 871 0.8 810 1.4380567145032266e19 5.421401197056e15 261
33 871 0.8 811 4.490449997956602e24 2.511180000426307e20 259
33 871 0.8 812 2.1350524051912244e22 7.560940135182634e18 261
33 871 0.8 813 1.6853315031022797e17 1.77964932096e12 260
33 871 0.8 814 6.65513385947612e25 3.3461556834546387e22 260
33 871 0.8 815 1.3177795108334682e24 6.732720693774563e20 258
33 871 0.8 816 3.258810256599241e24 1.8684062333879027e21 259
33 871 0.8 817 7.22866670484203e21 6.106229214875136e16 261
33 871 0.8 818 2.5483696860608253e21 1.2262481230257562e17 258
33 871 0.8 819 4.198069442532634e16 5.594904354816e12 262
33 871 0.8 820 6.827882718229406e19 2.0809359832743936e16 262
33 871 0.8 821 2.5772884875206217e25 1.2383034970563831e20 257
33 871 0.8 822 2.0833399016871192e24 6.917010751859429e20 259
33 871 0.8 823 1.2486397746689925e21 7.659905385531802e17 265
33 871 0.8 824 2.467819069113045e23 1.4345845169327972e20 262
33 871 0.8 825 2.3507723353899327e24 5.023821885425191e20 260
33 871 0.8 826 3.239482225674432e28 2.5033859505973084e25 260
33 871 0.8 827 5.253693471838372e20 5.172236194126234e16 261
33 871 0.8 828 2.070648198154235e29 1.1881329876931868e25 257
33 871 0.8 829 2.979599882796798e20 6.25579461771264e14 261
33 871 0.8 830 7.871479648982798e27 6.025154139844537e24 261
33 871 0.8 831 2.310974285407795e23 7.2415766178490974e19 258
33 871 0.8 832 9.233286098522608e21 7.7047345152e13 256
33 871 0.8 833 4.737278972784563e23 1.0725998009472e20 263
33 871 0.8 834 5.224557847477101e18 1.929452176244736e15 264
33 871 0.8 835 2.820032972965368e21 2.1636559034630185e18 263
33 871 0.8 836 1.9184319130056255e20 1.279489371291648e16 265
33 871 0.8 837 3.0805704983285295e26 4.213267799322476e22 260
33 871 0.8 838 7.700222866321623e18 1.7563437093888e15 262
33 871 0.8 839 9.89079740051567e24 9.638287556547897e19 260
33 871 0.8 840 9.664930412163474e24 8.013426840095608e21 260
33 871 0.8 841 1.0580495738174052e25 7.392157586010547e21 260
33 871 0.8 842 4.297843319791698e20 2.0408491296210125e17 263
33 871 0.8 843 3.839514886876574e23 2.6192236415650062e19 259
33 871 0.8 844 5.4180594508275344e22 2.3214488698078847e19 260
33 871 0.8 845 4.434456441061432e20 2.5882306806546432e17 265
33 871 0.8 846 1.2224450721842213e22 9.34860948257833e17 258
33 871 0.8 847 1.3681613028764173e30 9.129994097590481e26 256
33 871 0.8 848 1.5556058106308092e23 4.522172346955158e19 261
33 871 0.8 849 1.1725112831626281e25 3.5921459910060435e21 261
33 871 0.8 850 1.1013535365075848e21 5.778079318118938e16 260
33 871 0.8 851 9.944801941446946e25 7.853897856365117e22 261
33 871 0.8 852 1.5507707231520356e24 1.0338732165871642e21 262
33 871 0.8 853 2.3418914556397386e25 7.063656824060028e21 259
33 871 0.8 854 1.349651197259829e29 7.036526875427221e25 257
33 871 0.8 855 1.9828094917310364e23 1.7079086466231458e20 264
33 871 0.8 856 5.9897586785420867e23 5.522356736253493e19 259
33 871 0.8 857 9.81155372420908e22 1.7917907973005906e19 260
33 871 0.8 858 1.6158188235954318e23 8.910274230897985e18 259
33 871 0.8 859 1.2135276837068737e26 3.5879492028848197e22 259
33 871 0.8 860 3.076612617320324e22 1.7599881100581274e17 261
33 871 0.8 861 6.762928930546271e23 3.6247447446921544e20 261
33 871 0.8 862 7.860981320742082e21 8.450418903597489e17 260
33 871 0.8 863 1.8257886251731005e22 2.9160763364698e18 259
33 871 0.8 864 4.1927607910753716e24 3.26040161896971e20 258
33 871 0.8 865 7.127357245960682e23 3.938896869917444e19 258
33 871 0.8 866 8.299742647066164e22 4.007822379093504e17 260
33 871 0.8 867 2.905400338761456e22 1.1399790556293734e19 261
33 871 0.8 868 3.6220221723349864e22 4.073839772051073e18 264
33 871 0.8 869 2.2667558324390626e24 5.151531860181441e20 259
33 871 0.8 870 3.9740711650862635e20 1.53752627868672e15 262
33 871 0.8 871 3.9141343539580385e23 5.748789633119819e19 258
33 871 0.8 872 2.9477461241804238e23 1.2037943978050978e20 258
33 871 0.8 873 1.2331117566265397e22 3.641537440080691e18 262
33 871 0.8 874 3.993804813855446e24 1.3601916801767928e21 260
33 871 0.8 875 1.506936931653292e20 1.403460255744e12 261
33 871 0.8 876 1.1468150847889424e23 2.9286510462021796e19 260
33 871 0.8 877 2.751136332557828e22 8.692859790885925e18 258
33 871 0.8 878 3.1855993407871555e22 1.665893576131144e19 263
33 871 0.8 879 8.682361939225837e23 5.158655846796038e20 262
33 871 0.8 880 5.006195853080192e21 8.032894872426086e17 263
33 871 0.8 881 3.419885274173126e31 2.7119952342135982e28 257
33 871 0.8 882 2.2274474863079666e24 5.180674755206983e20 259
33 871 0.8 883 1.1367665565163981e18 7.70522112e11 261
33 871 0.8 884 1.8340262039910167e20 1.13962810097664e17 263
33 871 0.8 885 1.1945612679183236e23 4.652020665826807e19 262
33 871 0.8 886 1.0297302427349976e21 4.983746346432e14 259
33 871 0.8 887 8.252722743701407e19 5.96226728448e15 264
33 871 0.8 888 2.583618365620358e24 1.5131626595248292e20 260
33 871 0.8 889 5.332399190364399e23 1.8960247396412116e20 262
33 871 0.8 890 3.23604816385406e29 1.9303151534768967e26 259
33 871 0.8 891 1.849584008215615e20 4.358785908429389e16 263
33 871 0.8 892 2.84929768374041e24 2.1603649025088875e21 261
33 871 0.8 893 6.548759019798559e24 5.238986083069178e21 259
33 871 0.8 894 1.3354246427040773e22 2.9109802222854144e17 258
33 871 0.8 895 6.183623865366594e19 9.7010816616e13 262
33 871 0.8 896 2.614370612309478e18 2.2256736768e11 263
33 871 0.8 897 4.215774444820423e21 1.2912415224523776e17 260
33 871 0.8 898 9.566159586117019e23 3.8809882953674405e20 256
33 871 0.8 899 7.658939000108829e22 1.707440277040128e17 261
33 871 0.8 900 1.5454905534130628e25 1.1806678456736106e21 259
33 871 0.8 901 5.483226308318914e22 4.9344750321499e18 259
33 871 0.8 902 6.188461033398796e21 1.5069415768786944e18 260
33 871 0.8 903 5.615220669072516e25 1.4340120524391853e22 256
33 871 0.8 904 4.590914845072207e19 3.536376655868928e16 264
33 871 0.8 905 1.750070616316413e19 3.812190947824896e15 264
33 871 0.8 906 5.285490046366876e23 3.580691959526356e20 260
33 871 0.8 907 1.1866055289280775e21 1.6865479921405133e17 259
33 871 0.8 908 8.828600073545356e24 6.648797307557893e20 258
33 871 0.8 909 2.4114858583062537e21 4.1363605917650016e17 262
33 871 0.8 910 1.9618689031880615e21 4.4233510413312e17 259
33 871 0.8 911 4.846967692221071e20 3.360209396170752e16 260
33 871 0.8 912 7.840104411169853e20 4.105744250067533e17 263
33 871 0.8 913 2.278632579151659e25 9.346945657476651e21 258
33 871 0.8 914 1.3206487301652249e29 5.203451169080897e25 257
33 871 0.8 915 3.123271989479869e22 1.9936291346793906e19 265
33 871 0.8 916 1.1430086432983813e24 4.795639612459573e19 261
33 871 0.8 917 4.11373644910173e21 5.14258108416e15 261
33 871 0.8 918 4.900987581943028e22 3.2832278587785124e18 261
33 871 0.8 919 8.83933491307471e23 2.8646969767952374e20 258
33 871 0.8 920 4.124214892566818e22 2.1268976639381176e19 263
33 871 0.8 921 9.349817687152644e23 6.160003999567997e20 262
33 871 0.8 922 3.8795273675643143e21 1.2831882267937997e18 263
33 871 0.8 923 1.6802366376247513e25 2.014153444028786e21 259
33 871 0.8 924 1.2570284836364203e23 1.1417457485757358e18 260
33 871 0.8 925 5.351169064383754e24 1.7879304206934192e21 259
33 871 0.8 926 4.229850411692852e28 5.199225284515508e24 256
33 871 0.8 927 2.78291101015792e21 1.31537311563221e18 264
33 871 0.8 928 3.437722313272976e25 2.0513487415861337e22 258
33 871 0.8 929 1.4329187905114386e24 7.318012523853953e20 262
33 871 0.8 930 2.466820921917705e21 1.0312428227004288e18 261
33 871 0.8 931 5.330959539975475e16 6.31069802496e12 263
33 871 0.8 932 1.8146495865327473e21 1.18253253566869e18 262
33 871 0.8 933 1.8717786436319564e23 8.874515848849682e19 261
33 871 0.8 934 1.3793458851986253e24 4.966388490325855e20 259
33 871 0.8 935 3.906352702961878e22 8.152569351410319e18 260
33 871 0.8 936 4.905733142117952e17 1.0461394944e12 260
33 871 0.8 937 1.7992798277600786e19 5.4782682048e14 262
33 871 0.8 938 1.2312130628437554e20 4.04139691966464e16 261
33 871 0.8 939 7.353163371872471e22 1.8932425503377818e19 259
33 871 0.8 940 5.990602959852037e22 6.678019431894233e18 259
33 871 0.8 941 2.0114772677312294e30 1.8524709081296692e27 256
33 871 0.8 942 5.120079789762002e17 1.282493380608e14 260
33 871 0.8 943 3.530981163980315e23 1.015707991246401e20 261
33 871 0.8 944 1.996921058972232e22 1.197755993161728e18 261
33 871 0.8 945 1.4184177809591122e24 3.0273471841722163e19 261
33 871 0.8 946 8.55893238054466e21 6.16692024410112e16 260
33 871 0.8 947 6.242946599682153e23 4.798267694383001e19 260
33 871 0.8 948 1.2062434306608392e26 1.3776390438156196e19 260
33 871 0.8 949 7.477895034063345e20 1.83558596483328e16 261
33 871 0.8 950 1.397186541311042e24 7.71673315700562e19 259
33 871 0.8 951 5.7764424496648135e19 6.90439983706368e15 263
33 871 0.8 952 4.6061007485219033e27 4.1380033861281e24 257
33 871 0.8 953 5.83428487828297e25 1.5555191717764952e22 257
33 871 0.8 954 1.4560838534123923e23 1.2575162302230528e17 258
33 871 0.8 955 1.1276316929384993e23 8.8001899901071e19 262
33 871 0.8 956 6.866441189974991e25 2.4288776609741144e22 258
33 871 0.8 957 8.353535140310592e27 6.171553628340861e24 259
33 871 0.8 958 1.5092739135330683e23 4.1825668428451996e19 262
33 871 0.8 959 1.115366726339602e23 4.3658322404120986e18 260
33 871 0.8 960 1.0842386015087109e21 3.09951442944e15 259
33 871 0.8 961 5.527453524934519e27 2.3033429212045936e23 261
33 871 0.8 962 3.689465018790107e26 2.2850840352602942e23 259
33 871 0.8 963 7.437612531868143e23 5.285287869804404e20 260
33 871 0.8 964 6.304787249354311e24 4.7102527830202914e21 261
33 871 0.8 965 2.0280451993086263e22 1.6380969086877696e17 261
33 871 0.8 966 2.4508618248600375e27 2.8755899975022935e23 258
33 871 0.8 967 2.432555868570662e21 6.779988176984064e17 261
33 871 0.8 968 8.151854139010974e24 3.412497808123085e16 260
33 871 0.8 969 7.73778042667245e23 3.9686628534373614e20 261
33 871 0.8 970 2.400842265827663e22 1.7874624207458304e19 262
33 871 0.8 971 1.5450287185637557e26 6.790586372311855e22 257
33 871 0.8 972 1.680611327768628e22 3.2176215283470336e18 261
33 871 0.8 973 7.300827789486097e25 1.3361702179856074e22 259
33 871 0.8 974 2.382685797799766e24 1.5215224291117705e20 257
33 871 0.8 975 9.209464264179141e21 1.7722662109969075e18 260
33 871 0.8 976 1.7794851330857483e26 9.546190779730765e22 257
33 871 0.8 977 1.3050508793636685e24 1.1770583253593036e21 263
33 871 0.8 978 3.275467167555349e30 3.386223784331976e27 259
33 871 0.8 979 1.0145607683750028e21 1.36197021288384e17 259
33 871 0.8 980 1.2325969465907939e22 3.174153472946995e18 263
33 871 0.8 981 3.029799107485034e20 1.4682596722149888e17 263
33 871 0.8 982 6.921872749714761e21 1.6215536746517737e18 260
33 871 0.8 983 4.926327728670684e24 2.6151323425220943e21 262
33 871 0.8 984 5.958339908327211e20 1.9553384271519514e17 262
33 871 0.8 985 1.0440721349035182e24 1.7710179697557504e18 258
33 871 0.8 986 5.633945103295222e25 3.5921873919256316e22 261
33 871 0.8 987 2.500437096756265e17 3.551935463424e13 264
33 871 0.8 988 6.947389417071354e20 4.2427245489552e16 262
33 871 0.8 989 9.322305837112937e24 2.417687429478833e21 261
33 871 0.8 990 7.222776171660048e21 1.295232377463277e18 262
33 871 0.8 991 2.2083547997299323e23 1.372659083327084e20 261
33 871 0.8 992 5.288290634980862e18 2.844620612352e15 262
33 871 0.8 993 6.848426476119285e21 3.862243613362209e18 264
33 871 0.8 994 1.9204883965169405e22 4.85658133513549e18 258
33 871 0.8 995 6.529759080466843e21 3.20037096259584e17 261
33 871 0.8 996 3.07613082022193e22 1.74976989539667e19 263
33 871 0.8 997 2.0121145947488204e25 3.8954637325124433e21 258
33 871 0.8 998 3.1182369289282114e22 5.852824144771277e17 259
33 871 0.8 999 9.414791256418786e23 6.474874022069682e20 263
33 871 0.8 1000 1.658222904112526e23 3.4185422832492073e18 258
