L N d seed D_(MIS-1) D_MIS MIS
35 980 0.8 0 7.108962403091811e+28 2.705499671301783e+25 289
35 980 0.8 1 3.887785423270651e+25 8.087550931902276e+21 291
35 980 0.8 2 1.32049508668957e+26 7.413362526396865e+22 292
35 980 0.8 3 1.1355859939698012e+28 5.968246746675431e+23 291
35 980 0.8 4 1.3335509930194344e+26 1.2009421562063345e+22 291
35 980 0.8 5 1.4107717691151088e+24 1.0943449844257475e+19 288
35 980 0.8 6 3.684757390933685e+27 1.409138546258624e+24 291
35 980 0.8 7 1.3946801722823572e+22 1.9828589049642885e+18 296
35 980 0.8 8 8.166159870179095e+24 4.501893507935862e+21 293
35 980 0.8 9 2.1331105810153272e+24 3.5214067204690136e+20 295
35 980 0.8 10 9.689377522088473e+24 6.531260868659287e+21 295
35 980 0.8 11 1.1495199234017969e+30 2.2589804776815285e+26 292
35 980 0.8 12 1.2416366578611701e+24 4.6858896379730775e+20 292
35 980 0.8 13 7.487459175616886e+26 1.4457267871649418e+23 294
35 980 0.8 14 3.4226950202556815e+28 1.5390179199564783e+25 291
35 980 0.8 15 2.1811741203359537e+25 7.872740720869999e+21 291
35 980 0.8 16 7.075209298764555e+21 4.668682714151178e+17 293
35 980 0.8 17 1.757170170873886e+26 1.759230233782456e+20 292
35 980 0.8 18 1.4073365301795115e+28 2.954732248369619e+24 289
35 980 0.8 19 1.6173408530590397e+25 1.2672344451850428e+22 294
35 980 0.8 20 1.712488299247322e+26 5.394604959819454e+18 291
35 980 0.8 21 1.7575851222385237e+27 1.310354963141433e+21 294
35 980 0.8 22 4.1062451707503754e+27 2.3723138377252515e+24 290
35 980 0.8 23 6.780979471587926e+20 805693952286720.0 293
35 980 0.8 24 1.0404643922544965e+25 3.044643248013312e+19 295
35 980 0.8 25 1.6916363338618416e+24 1.8196208633139167e+20 291
35 980 0.8 26 2.615374528273732e+25 1.09618775061093e+22 295
35 980 0.8 27 2.037089153156015e+21 3.16130129538048e+16 293
35 980 0.8 28 8.275319473481722e+23 1.1480465416037212e+20 292
35 980 0.8 29 2.937746855497701e+24 1.4956181592815554e+20 294
35 980 0.8 30 3.601267196206232e+21 1.4569504851492864e+18 295
35 980 0.8 31 1.1726076370680605e+29 2.7769312775588322e+25 292
35 980 0.8 32 5.66445900456085e+27 2.567870711806897e+24 289
35 980 0.8 33 1.8382068536202612e+20 705684033805824.0 292
35 980 0.8 34 1.2727151011453282e+29 5.06481710712902e+23 292
35 980 0.8 35 7.073933581892704e+25 1.047696463333482e+22 292
35 980 0.8 36 3.5311302611886563e+24 7.27734937090461e+20 295
35 980 0.8 37 5.655973338589972e+28 2.0842279976255307e+22 292
35 980 0.8 38 6.898580533325193e+25 5.872749957637844e+22 295
35 980 0.8 39 2.420642567003929e+22 3.503122450690867e+16 295
35 980 0.8 40 1.2882690145853877e+24 2.443075288771461e+20 292
35 980 0.8 41 1.0086463225962171e+21 2.739359431112786e+17 296
35 980 0.8 42 9.531889363516156e+22 4.073206842114048e+18 294
35 980 0.8 43 8.34695987009784e+20 2395689031120896.0 292
35 980 0.8 44 2.3503017633841776e+21 4.408880938576773e+17 295
35 980 0.8 45 7.031274673445542e+24 2.94157705978564e+20 288
35 980 0.8 46 2.6840250035511925e+31 1.6018548699309468e+28 291
35 980 0.8 47 3.3815204726396168e+28 1.6943168814827032e+24 290
35 980 0.8 48 2.66601049354766e+20 5027370758619840.0 296
35 980 0.8 49 1.5013836653421576e+20 4.792211120060006e+16 297
35 980 0.8 50 1.0833377081505892e+25 2.6247295293456384e+18 291
35 980 0.8 51 1.6077300950147214e+22 2.3576138256384e+18 294
35 980 0.8 52 1.5819943848028868e+25 1.2442421599716057e+21 293
35 980 0.8 53 5.184311839161049e+21 3.3514063675047936e+16 290
35 980 0.8 54 1.9171704291861608e+23 7.510206372759208e+19 294
35 980 0.8 55 2.700849000567407e+24 1.5203596582766592e+17 290
35 980 0.8 56 1.9442357767333587e+23 8.50956926386176e+18 295
35 980 0.8 57 5.663639629600819e+23 1.5023456833104803e+20 293
35 980 0.8 58 7.15638193668915e+23 3.083714256453304e+20 294
35 980 0.8 59 2.0426233869721952e+23 3.998965914814464e+18 296
35 980 0.8 60 1.032984444936673e+25 2.3681467637912715e+21 290
35 980 0.8 61 3.891379280739941e+26 3.466516650477546e+23 293
35 980 0.8 62 3.141282114875651e+20 5.650221338984448e+16 297
35 980 0.8 63 4.3353826373340674e+26 3.9314709793940806e+20 294
35 980 0.8 64 9.71345932330131e+25 2.468219163646247e+22 292
35 980 0.8 65 9.565314731439077e+24 3.991389593481749e+21 296
35 980 0.8 66 5.164704654576304e+28 2.361025669654611e+25 292
35 980 0.8 67 7.728643984941366e+23 9.191536559565373e+19 294
35 980 0.8 68 7.646566461866207e+21 1.984870239554765e+16 293
35 980 0.8 69 3.9255721479406753e+31 5.630399657662981e+27 292
35 980 0.8 70 1.3524977437166803e+27 9.153916354137243e+23 293
35 980 0.8 71 1.143349765596627e+28 1.4101389597272164e+24 292
35 980 0.8 72 2.779516698180344e+26 1.3067619409094099e+20 295
35 980 0.8 73 2.0829310822052893e+23 7.57018432756777e+18 295
35 980 0.8 74 5.054163607112152e+24 2.0489409458912908e+21 292
35 980 0.8 75 1.0886733123132451e+25 3.0315476064190464e+19 292
35 980 0.8 76 8.29722360760208e+29 5.130335189445486e+24 288
35 980 0.8 77 8.268688608533639e+24 1.1903421393837522e+21 294
35 980 0.8 78 2.718038255164981e+23 6.518048166079269e+19 292
35 980 0.8 79 7.827042682639161e+24 1.3460901874908365e+20 294
35 980 0.8 80 4.436832659554369e+25 3.0293825923587865e+22 295
35 980 0.8 81 1.602924775082567e+26 6.2570769951391e+22 291
35 980 0.8 82 2.830266818454723e+25 2.0329011468082165e+21 292
35 980 0.8 83 2.764916693234946e+25 1.03569934447094e+22 293
35 980 0.8 84 1.547164828510842e+24 1.882103530043474e+20 292
35 980 0.8 85 1.3637329478049557e+27 2.2873412416848124e+23 292
35 980 0.8 86 3.6489926354527177e+22 2.056139025722376e+19 294
35 980 0.8 87 4.6133230446512586e+26 1.8926873392414353e+21 292
35 980 0.8 88 8.435304793842243e+25 1.4659978596037286e+21 294
35 980 0.8 89 2.1942940109642963e+23 1.1120850971789142e+20 294
35 980 0.8 90 1.1950140390220823e+24 4.2214557399647846e+20 295
35 980 0.8 91 1.1462319246198837e+23 1.5177572839812096e+19 296
35 980 0.8 92 3.4833823395006267e+27 5.479401343791677e+22 292
35 980 0.8 93 5.851226192741036e+22 4.0938452052313375e+19 295
35 980 0.8 94 3.833948609582074e+22 1.6511482687436352e+17 293
35 980 0.8 95 7.303948491268419e+28 4.834691154111677e+25 290
35 980 0.8 96 1.344305317302337e+23 5.791771597866271e+18 294
35 980 0.8 97 3.962768209843985e+22 1.10018767233024e+17 294
35 980 0.8 98 2.8745036129386242e+26 4.787160804610457e+21 292
35 980 0.8 99 1.409044541095311e+26 1.2107243118925055e+22 292
35 980 0.8 100 3.145190625866016e+28 5.484950641430107e+24 291
35 980 0.8 101 5.141401644877899e+22 3.377026050586173e+19 296
35 980 0.8 102 1.1550340813824666e+28 3.635621862640566e+24 290
35 980 0.8 103 1.175550792807955e+25 1.6293606421807474e+21 294
35 980 0.8 104 3.293471497576135e+24 4.526205757960274e+20 295
35 980 0.8 105 4.1572882319663105e+24 4.489360883760336e+19 295
35 980 0.8 106 4.4707935472808544e+22 1.526643318747544e+19 295
35 980 0.8 107 9.009440055274103e+31 3.320269770323356e+28 289
35 980 0.8 108 1.8368339109658837e+26 5.379086115111857e+21 291
35 980 0.8 109 3.278207042370637e+26 1.787913589431945e+23 293
35 980 0.8 110 3.102160620974867e+22 1.0691076447251988e+18 291
35 980 0.8 111 3.934785178589943e+25 4.175991649909294e+21 294
35 980 0.8 112 7.649355734861783e+19 1215921350246400.0 293
35 980 0.8 113 1.2581917049037423e+26 5.558671456863449e+22 293
35 980 0.8 114 1.980396836356347e+28 1.4824436728121081e+25 293
35 980 0.8 115 4.3907936647167895e+24 1.62929055744e+16 293
35 980 0.8 116 9.537814844910703e+25 1.9932378151503242e+21 293
35 980 0.8 117 2.165977250706994e+25 4.3436178629066e+20 291
35 980 0.8 118 1.05216827462579e+29 7.78093934078535e+25 295
35 980 0.8 119 3.686871237724851e+27 5.883184809226145e+23 293
35 980 0.8 120 5.276481401299265e+21 1.6476159710173594e+17 293
35 980 0.8 121 8.99471546984583e+24 1.2780692396728562e+19 291
35 980 0.8 122 2.81835593781578e+22 8.228233050300426e+17 293
35 980 0.8 123 4.068699157634616e+29 2.957720734263212e+26 291
35 980 0.8 124 8.476339714347116e+27 1.2693054972925772e+24 290
35 980 0.8 125 2.3115590490607353e+22 1.1898833643307008e+17 295
35 980 0.8 126 2.961897758922404e+22 1.46649820004352e+19 295
35 980 0.8 127 5.262174102520301e+24 1.722390948241653e+21 296
35 980 0.8 128 2.005328386972975e+19 1860680495923200.0 293
35 980 0.8 129 6.067097545970983e+23 7.527778146246604e+19 295
35 980 0.8 130 2.537498495088729e+20 7887125679022080.0 294
35 980 0.8 131 2.7926101502883896e+28 2.8125139161971275e+24 291
35 980 0.8 132 4.155275365583457e+28 2.768837957848262e+25 293
35 980 0.8 133 2.672776085758488e+24 5.948608419000779e+20 296
35 980 0.8 134 1.8734827493701519e+22 3.7651002082946304e+18 296
35 980 0.8 135 8.52394368165747e+27 1.9751652850661868e+19 291
35 980 0.8 136 5.433790945384919e+25 6.003401822842397e+21 291
35 980 0.8 137 5.70501521522643e+21 9.455430221655552e+16 294
35 980 0.8 138 3.7650345158725586e+31 3.345170081900719e+28 292
35 980 0.8 139 8.631553012468409e+26 3.883032334784373e+23 289
35 980 0.8 140 3.882993802682411e+26 3.694926933406179e+22 291
35 980 0.8 141 1.5924033118261772e+23 2.9882200201226453e+19 293
35 980 0.8 142 1.2498863539995646e+21 5.441623571092242e+17 297
35 980 0.8 143 2.787024400825839e+22 1.7316239724217086e+19 296
35 980 0.8 144 4.0584566279321116e+21 9.245510540653363e+17 294
35 980 0.8 145 5.08494237069193e+23 7.289944333907558e+18 293
35 980 0.8 146 1.149703966201877e+24 2.393979149192292e+20 291
35 980 0.8 147 8.296064325198988e+24 5.882716598159956e+19 293
35 980 0.8 148 1.0676317693247075e+32 9.93551328736271e+28 291
35 980 0.8 149 2.0195537268857985e+22 5.74679609661771e+18 295
35 980 0.8 150 2.7194185894611563e+26 4.608264104176719e+20 294
35 980 0.8 151 5.349382593437381e+27 1.6475619481398104e+24 293
35 980 0.8 152 6.223626685205863e+30 4.3761771443825326e+26 289
35 980 0.8 153 1.459779564890709e+27 6.0525281648870406e+22 290
35 980 0.8 154 3.039430951566571e+24 1.9827186136262765e+21 295
35 980 0.8 155 7.559510215546007e+27 1.469697254397035e+24 290
35 980 0.8 156 3.795011670443101e+25 9.551208790424845e+21 291
35 980 0.8 157 6.438293653114604e+24 1.3272607030531233e+20 293
35 980 0.8 158 8.879962212208049e+24 1.9266913617305212e+21 295
35 980 0.8 159 5.665945902827561e+26 4.7062705234041005e+23 293
35 980 0.8 160 2.078506899105579e+26 2.236969038603243e+22 289
35 980 0.8 161 6.969765525795997e+23 3.9997421145197937e+20 293
35 980 0.8 162 5.658586596674998e+22 2.279986325271475e+19 295
35 980 0.8 163 3.1929375694945334e+25 8.961445747296605e+21 292
35 980 0.8 164 2.629647608848528e+24 1.4106484331912398e+21 291
35 980 0.8 165 7.295250689541814e+26 7.813154495208119e+20 291
35 980 0.8 166 6.570266744744879e+22 1.3825483863776821e+19 292
35 980 0.8 167 1.1475406282586538e+25 1.7234045443437636e+21 296
35 980 0.8 168 2.844244361480309e+21 4.705847385587712e+17 297
35 980 0.8 169 3.2180638735476815e+28 1.2206115474702706e+25 290
35 980 0.8 170 1.2927514468268316e+33 6.920693813838536e+29 288
35 980 0.8 171 6.13935239595554e+25 1.1581540606983593e+22 297
35 980 0.8 172 8.184533374261028e+22 7.578589948737651e+18 291
35 980 0.8 173 4.7947199779474334e+27 2.786235725323168e+23 290
35 980 0.8 174 1.2449930103607627e+23 8.2520396572032e+18 293
35 980 0.8 175 1.4027687983826245e+27 6.537072151662979e+23 291
35 980 0.8 176 1.3435273474484585e+22 3.009207954780979e+16 290
35 980 0.8 177 6.64991704424269e+23 5.898200989143859e+17 293
35 980 0.8 178 1.4498681770756245e+21 1.99933986396672e+17 294
35 980 0.8 179 4.783488073272937e+24 1.6617499471530238e+21 294
35 980 0.8 180 8.296286480298301e+25 6.543063270446677e+22 294
35 980 0.8 181 3.517089099830001e+25 1.8441581466103132e+22 295
35 980 0.8 182 1.2730958242623477e+25 1.8540358233425644e+21 293
35 980 0.8 183 1.668956922336103e+25 3.5053588749496783e+21 292
35 980 0.8 184 1.3851441648555223e+20 2.070113623474176e+16 291
35 980 0.8 185 1.0448769296612167e+25 4.941239697881436e+21 292
35 980 0.8 186 2.651268755557953e+24 1.377660887050297e+21 292
35 980 0.8 187 4.077374737053509e+23 1.1776204425259008e+18 293
35 980 0.8 188 6.861106760454465e+26 2.1364032460737937e+23 291
35 980 0.8 189 1.8340969740856073e+22 7.647425376288768e+18 294
35 980 0.8 190 2.1934429415299086e+21 499261429555200.0 292
35 980 0.8 191 1.257591761613299e+26 7.521525146551092e+22 293
35 980 0.8 192 9.235720621514001e+26 4.866877621884596e+23 289
35 980 0.8 193 8.571642312929144e+22 5.5628404836516495e+19 298
35 980 0.8 194 2.8439895823991966e+23 9.4542670968097e+18 292
35 980 0.8 195 9.330232569632916e+26 4.422533920706017e+23 292
35 980 0.8 196 1.007875980599812e+26 2.148699825100432e+22 291
35 980 0.8 197 8.03936815100042e+22 5.674911753240576e+16 291
35 980 0.8 198 2.2249789701093904e+27 1.5041013274413108e+24 291
35 980 0.8 199 3.239822732587329e+33 1.8326121552092212e+30 288
35 980 0.8 200 4.331849925000511e+23 3.1415257068287046e+20 295
35 980 0.8 201 1.2698994609333775e+22 4.420098081609892e+18 292
35 980 0.8 202 9.580807845729852e+24 7.244153547727089e+21 293
35 980 0.8 203 2.4412726905795994e+24 5.0706098755247e+17 289
35 980 0.8 204 7.420085947257266e+27 5.067572576269655e+24 291
35 980 0.8 205 9.048077807499431e+25 1.2679147139036642e+22 291
35 980 0.8 206 1.922922283736273e+23 2.2308100538720256e+17 292
35 980 0.8 207 2.1352772600398965e+22 4.515849008676864e+18 292
35 980 0.8 208 1.6339045428172462e+23 5.743962158539343e+19 295
35 980 0.8 209 5.048249722334549e+23 1.5082116658175807e+20 297
35 980 0.8 210 1.5643393101768893e+22 1.2947612589774403e+18 293
35 980 0.8 211 2.6970721811852104e+24 9.721561849243383e+19 290
35 980 0.8 212 1.8135395003800743e+21 1.5422924869632e+16 296
35 980 0.8 213 1.3404819241670642e+22 1.4013463347724032e+17 291
35 980 0.8 214 1.0980245787055653e+30 7.432096093045449e+25 293
35 980 0.8 215 3.6217081132059093e+25 9.14540709993019e+21 292
35 980 0.8 216 8.454134106762854e+18 368895098880000.0 290
35 980 0.8 217 4.176018276940718e+29 2.6199554285994057e+25 289
35 980 0.8 218 1.0340578534620836e+24 2.2406024686357378e+20 292
35 980 0.8 219 3.6912242117025884e+32 2.635699047968075e+29 291
35 980 0.8 220 4.018603370812154e+24 4.503715023761179e+19 292
35 980 0.8 221 4.831468753983169e+27 1.8933181149121098e+24 292
35 980 0.8 222 6.187473215663456e+26 2.2258642503481235e+22 289
35 980 0.8 223 1.096776031579894e+26 3.4382695993698257e+22 294
35 980 0.8 224 1.699961223340103e+22 7.294974922063872e+18 291
35 980 0.8 225 1.0400005087703947e+23 1.8164313305232998e+19 292
35 980 0.8 226 7.979606540028265e+26 2.2044707897245381e+21 290
35 980 0.8 227 6.47973020391924e+19 107141099673600.0 296
35 980 0.8 228 9.099820819861492e+25 8.818634245122253e+21 289
35 980 0.8 229 8.95832411237159e+27 3.1267958896590177e+24 291
35 980 0.8 230 6.599598225922825e+24 3.9552792016017005e+21 293
35 980 0.8 231 1.2856691760875403e+24 6.522260529354417e+20 293
35 980 0.8 232 4.279295364540233e+23 3.4564573461571046e+18 293
35 980 0.8 233 1.5754076361859986e+22 4.593624017824447e+17 294
35 980 0.8 234 1.3702020879642718e+24 1.4524199195075903e+20 292
35 980 0.8 235 2.3702213449844974e+25 7.935650024667515e+21 291
35 980 0.8 236 3.0142702570492028e+23 2.7519284872507572e+19 294
35 980 0.8 237 1.0449140118598656e+16 3637177344000.0 299
35 980 0.8 238 1.6114999586249492e+22 1.0414500351521587e+18 290
35 980 0.8 239 1.940799656494511e+25 8.520118514270588e+21 291
35 980 0.8 240 3.5043927598555917e+25 1.5605090647201738e+21 292
35 980 0.8 241 3.412630851155528e+27 6.91457166161428e+23 292
35 980 0.8 242 1.0766378627073491e+29 2.565151222537454e+24 290
35 980 0.8 243 6.410103615503848e+24 1.658023536681421e+19 291
35 980 0.8 244 9.664567706714371e+19 1.2444666206109696e+16 292
35 980 0.8 245 1.3657427399145832e+23 1.982023215060787e+19 295
35 980 0.8 246 2.86833107651088e+23 9.803151643041628e+18 294
35 980 0.8 247 1.860186315073465e+26 1.7686441033533107e+22 290
35 980 0.8 248 3.814333665732505e+24 2.1844004615743537e+20 291
35 980 0.8 249 1.6369428395361576e+28 3.842901265519207e+24 289
35 980 0.8 250 3.825493882257226e+29 2.0908064965437085e+25 291
35 980 0.8 251 1.4476284125886177e+26 5.340842909000619e+22 292
35 980 0.8 252 2.47920296534134e+25 1.0270441238370124e+22 291
35 980 0.8 253 4.6999803364871467e+24 2.6052820561444843e+21 293
35 980 0.8 254 2.719507370814939e+25 2.60042112589536e+21 290
35 980 0.8 255 4.183264591803294e+23 1.0956980435697118e+20 295
35 980 0.8 256 2.0673121880800773e+28 6.629095987203034e+24 293
35 980 0.8 257 3.885062511965772e+24 1.3554610638768046e+21 293
35 980 0.8 258 2.854212817756395e+24 1.0226772864723364e+21 296
35 980 0.8 259 1.8285904377938552e+26 1.3972254815769573e+23 295
35 980 0.8 260 5.3873088333118525e+20 2.911670501403525e+17 298
35 980 0.8 261 4.396061612381407e+25 5.240610454614312e+21 293
35 980 0.8 262 7.811111528520949e+24 2.0713489440617595e+20 292
35 980 0.8 263 3.26752799603891e+28 5.614188184740798e+24 291
35 980 0.8 264 1.0861221542913944e+25 1.916167355115999e+21 295
35 980 0.8 265 1.739560584280333e+24 228229542051840.0 291
35 980 0.8 266 8.481923756394751e+21 3.061384055414784e+16 292
35 980 0.8 267 1.1240116188090204e+21 1.3802603110612992e+17 296
35 980 0.8 268 3.3384936816481595e+19 6347855119320000.0 297
35 980 0.8 269 4.1617229686455926e+23 3.3539480283429196e+19 294
35 980 0.8 270 1.786018086541819e+23 8.161352298529919e+18 294
35 980 0.8 271 2.7892210886941228e+31 1.1503581799075475e+28 288
35 980 0.8 272 1.8021755064566363e+25 1.081045791886934e+18 291
35 980 0.8 273 1.180392488872622e+26 3.2377908014475314e+22 292
35 980 0.8 274 2.875258529451683e+19 9341181945446400.0 294
35 980 0.8 275 2.1578473102883392e+26 1.1898429521307402e+23 293
35 980 0.8 276 2.631867004672447e+24 3.5868190929670156e+19 294
35 980 0.8 277 1.7923425289860107e+25 4.285294795891173e+21 293
35 980 0.8 278 3.3141512864568323e+28 2.7674294063194056e+25 293
35 980 0.8 279 1.5022174636781023e+29 2.909814092402202e+25 294
35 980 0.8 280 2.2638786685870406e+24 1.6408700091591157e+20 293
35 980 0.8 281 1.1417537762284274e+28 6.275527507270837e+24 291
35 980 0.8 282 2.1801266000993655e+25 2.9805375083461745e+20 292
35 980 0.8 283 1.8537825661804132e+27 2.08438049378304e+18 293
35 980 0.8 284 1.0811570658744261e+26 4.8356472784783596e+22 292
35 980 0.8 285 3.832364334357108e+24 2.4476786396672164e+20 293
35 980 0.8 286 2.3241773386030577e+28 5.483319365921071e+24 289
35 980 0.8 287 8.453545767194501e+26 2.455131845039563e+22 290
35 980 0.8 288 8.427043975567753e+26 5.948598632424375e+23 293
35 980 0.8 289 2.0495276933871495e+23 6.655577018862249e+19 294
35 980 0.8 290 1.4737850959726629e+26 2.4277455793481304e+22 292
35 980 0.8 291 4.900064308884655e+23 6.632823740782451e+19 294
35 980 0.8 292 3.423035254661505e+25 8.133417238919124e+20 294
35 980 0.8 293 7.442312728105775e+24 3.594051493426889e+20 293
35 980 0.8 294 4.2254625807241703e+24 8.780239540119122e+17 293
35 980 0.8 295 6.790873165644288e+24 4.3399985572450035e+20 291
35 980 0.8 296 1.207213223472165e+27 2.263674207137925e+19 291
35 980 0.8 297 4.5258857445656225e+23 4.921950725185536e+17 295
35 980 0.8 298 1.808072408320462e+25 6.707009243392355e+21 293
35 980 0.8 299 6.86956816048478e+23 1.5105594091286708e+20 292
35 980 0.8 300 5.531131685416673e+26 1.1562925526715178e+23 291
35 980 0.8 301 1.5062694672337177e+23 1.837808109648e+17 295
35 980 0.8 302 8.422546687367392e+28 2.9315359405486334e+25 288
35 980 0.8 303 1.5315193909377044e+25 5.022969821204014e+20 296
35 980 0.8 304 1.6608361692350276e+24 2.9737243278434304e+20 291
35 980 0.8 305 2.8983999119793825e+22 5.46505317740807e+18 292
35 980 0.8 306 1.431926035322899e+23 1.1167699810581873e+19 293
35 980 0.8 307 6.926092038182026e+24 2.8678725663373394e+21 295
35 980 0.8 308 2.3892068171654975e+24 6.935344467456906e+20 293
35 980 0.8 309 2.9812149480487346e+24 6.024669080668471e+20 291
35 980 0.8 310 6.221445058724787e+24 1.6959035213967973e+20 294
35 980 0.8 311 3.05126929405231e+27 1.5495072351985198e+24 293
35 980 0.8 312 6.760775876777453e+22 2.650550936249932e+19 294
35 980 0.8 313 1.506498573021538e+27 3.7616150021542065e+23 290
35 980 0.8 314 9.345178152678673e+24 6.805440619699219e+20 293
35 980 0.8 315 4.076816841974229e+27 2.689166507136918e+24 289
35 980 0.8 316 1.6242507393642806e+25 6.944845441512011e+21 295
35 980 0.8 317 2.7953772835293552e+23 9.728752145715457e+19 294
35 980 0.8 318 5.868552651078973e+25 1.1121762522470216e+21 293
35 980 0.8 319 7.412916753516276e+20 1.7165839934251008e+17 293
35 980 0.8 320 1.6491527176254882e+26 2.305769435879957e+22 295
35 980 0.8 321 1.62332495318749e+20 208020814848000.0 294
35 980 0.8 322 2.4994259807449286e+27 4.8615956892900204e+23 291
35 980 0.8 323 1.4928455944133972e+19 980199279820800.0 293
35 980 0.8 324 2.9812646906915766e+29 2.1301493040067023e+25 288
35 980 0.8 325 2.0787113504581035e+25 8.463761484934669e+21 291
35 980 0.8 326 2.6740825924325835e+19 2021676488497152.0 291
35 980 0.8 327 4.985646025373106e+25 7.12181178938164e+20 290
35 980 0.8 328 1.4143113766263568e+30 3.9481261620462075e+26 291
35 980 0.8 329 3.614674270068323e+27 3.3095162402105373e+22 288
35 980 0.8 330 1.739531466457916e+25 6.161512027056551e+21 293
35 980 0.8 331 7.994696105263103e+22 2.261997916703885e+19 295
35 980 0.8 332 5.069991357701921e+27 9.499604382673158e+23 293
35 980 0.8 333 4.659653887399353e+23 2.3327354648671168e+20 291
35 980 0.8 334 1.671334134097941e+26 5.284173624045382e+18 287
35 980 0.8 335 9.80665660563626e+25 3.558704017079876e+22 291
35 980 0.8 336 5.792771721166801e+24 1.7236723717312355e+20 291
35 980 0.8 337 2.2722294019261537e+23 1.0695577930670739e+20 294
35 980 0.8 338 3.712096215136615e+23 8.284453473936661e+19 293
35 980 0.8 339 1.1001159114613758e+29 1.3113201932419843e+22 289
35 980 0.8 340 7.87887691398756e+26 2.2223254382250453e+21 289
35 980 0.8 341 5.268734901952104e+24 3.2264255208775326e+20 291
35 980 0.8 342 2.4281220606935757e+31 2.0406779359672958e+28 291
35 980 0.8 343 1.5084131102930672e+27 1.4126487013072963e+24 297
35 980 0.8 344 7.474880523739321e+25 3.041158500322695e+22 292
35 980 0.8 345 1.4399102931590817e+23 2.6403293274192077e+19 293
35 980 0.8 346 1.6746584554032272e+23 1.1785829934012826e+18 295
35 980 0.8 347 1.2857793311163943e+29 4.15365878237669e+25 290
35 980 0.8 348 1.3258348049337015e+26 6.686290617552501e+22 294
35 980 0.8 349 6.301580068160752e+27 6.912828328932011e+23 292
35 980 0.8 350 9.827833565077152e+23 2.294149872938757e+18 291
35 980 0.8 351 8.330491626846169e+23 4.1743909994746334e+20 291
35 980 0.8 352 3.020254654062138e+21 7860210235637760.0 295
35 980 0.8 353 8.32472458395925e+28 4.7092546151777e+25 294
35 980 0.8 354 9.304461543361464e+29 3.772188824244732e+24 290
35 980 0.8 355 7.424320256322565e+24 5.801915011670092e+21 296
35 980 0.8 356 3.8153560665603283e+21 1.984306386073559e+17 292
35 980 0.8 357 1.0964903707279903e+21 2.956558813641216e+17 294
35 980 0.8 358 7.071972734396425e+25 1.519886938770417e+22 293
35 980 0.8 359 1.5084975777079504e+23 7.81690677967464e+19 298
35 980 0.8 360 4.681132645076522e+27 2.3906417903237403e+23 291
35 980 0.8 361 1.721160999333816e+30 5.7891225670410386e+26 288
35 980 0.8 362 1.0546488229670072e+21 4.870846351009382e+16 294
35 980 0.8 363 8.687051153916712e+30 6.3237097341511e+26 291
35 980 0.8 364 4.58212188831304e+28 2.5502779762818255e+25 290
35 980 0.8 365 7.869277006731226e+24 1.962921246939674e+21 291
35 980 0.8 366 9.590565604706918e+18 945677770752000.0 292
35 980 0.8 367 1.5221426722554608e+28 3.531636237778991e+23 290
35 980 0.8 368 7.535445085463367e+25 2.8268965467327507e+22 293
35 980 0.8 369 2.5966421617084043e+25 5.622692044166406e+21 293
35 980 0.8 370 6.68519331138823e+23 5.478396121413936e+19 294
35 980 0.8 371 2.666447383780958e+20 5.5507398933888e+16 294
35 980 0.8 372 1.653421527004803e+24 5.706387570814894e+18 295
35 980 0.8 373 1.0243170151721316e+25 4.343822261938472e+21 294
35 980 0.8 374 4.2138794427128336e+24 1.9087818552056218e+19 294
35 980 0.8 375 4.8877076219653244e+27 7.486801479935608e+23 292
35 980 0.8 376 2.933646015461369e+22 9.426307852394496e+18 294
35 980 0.8 377 1.3770901247219178e+23 1.135830112167356e+19 293
35 980 0.8 378 1.1801374995451506e+27 7.774398261083217e+23 291
35 980 0.8 379 6.201118609111914e+29 3.0834343735988154e+24 292
35 980 0.8 380 6.527919268462755e+23 4.111572191772672e+17 291
35 980 0.8 381 3.130800061123073e+25 1.1032614708864277e+22 294
35 980 0.8 382 6.15098056732555e+20 2.508519547570176e+17 297
35 980 0.8 383 2.958462294169513e+26 5.029078901942189e+22 294
35 980 0.8 384 1.1901080987066565e+28 5.376115556180853e+24 291
35 980 0.8 385 5.978459732052494e+30 4.478045696355909e+27 294
35 980 0.8 386 1.9107569851290573e+24 3.8032468826023526e+18 292
35 980 0.8 387 4.578208122804107e+22 1.2617145135951452e+19 295
35 980 0.8 388 1.0081109803826403e+27 2.659124805388259e+23 288
35 980 0.8 389 6.972141065310867e+24 2.2143011842141248e+20 294
35 980 0.8 390 2.394721717461756e+21 2.7172563225679872e+17 294
35 980 0.8 391 6.430779449662643e+26 4.1181311954732306e+23 293
35 980 0.8 392 4.1347852862790606e+23 4.497700731445555e+19 292
35 980 0.8 393 8.243331944598657e+19 18167419404288.0 294
35 980 0.8 394 5.6157194963796e+27 1.4668694374108895e+23 291
35 980 0.8 395 7.58332239671362e+26 3.332390308765839e+20 295
35 980 0.8 396 7.355869441389448e+20 9.40479874030633e+16 296
35 980 0.8 397 3.547209534412526e+29 3.0308286850300764e+25 292
35 980 0.8 398 5.9291841030133785e+23 1.741979354185728e+20 294
35 980 0.8 399 2.841157756545394e+26 1.0891165182492393e+21 292
35 980 0.8 400 6.182563224751177e+25 2.029534198476406e+20 291
35 980 0.8 401 5.28851824735298e+20 1.12937768080128e+16 295
35 980 0.8 402 6.410691291006711e+23 2.6852163710728687e+20 295
35 980 0.8 403 1.100033487716183e+25 5.5779889392211526e+20 294
35 980 0.8 404 8.096621000994975e+23 1.9034312836843782e+20 293
35 980 0.8 405 1.4331892016101633e+25 2.4864887200003643e+21 288
35 980 0.8 406 1.5994130867001447e+27 2.9464370886395463e+23 292
35 980 0.8 407 1.1377297941967006e+24 1.1983150823172053e+20 293
35 980 0.8 408 2.091402467187009e+24 7.735279587482603e+19 293
35 980 0.8 409 6.404529675590949e+25 4.885711500681141e+22 295
35 980 0.8 410 1.2720182814922265e+28 3.3649687347534427e+24 291
35 980 0.8 411 3.0859877925043645e+23 9.013171956893798e+18 292
35 980 0.8 412 5.782176891659184e+23 9.909852765361275e+19 292
35 980 0.8 413 9.305584434563632e+25 1.6460870580372937e+22 293
35 980 0.8 414 1.465793558651427e+27 6.698408542101896e+23 292
35 980 0.8 415 7.847713294423197e+20 4.337369153431142e+16 297
35 980 0.8 416 3.238342620951539e+23 3.1041913220023607e+19 295
35 980 0.8 417 4.6747308253866175e+24 2.771524061547725e+18 293
35 980 0.8 418 2.934085028999396e+26 7.1741401198711204e+22 293
35 980 0.8 419 5.189374526756498e+27 1.6909460172654153e+24 290
35 980 0.8 420 3.070061581882614e+24 2.5242259273236814e+20 291
35 980 0.8 421 2.4459811555595155e+22 2.6351368692867072e+17 294
35 980 0.8 422 8.542458969540699e+24 1.937991579519283e+19 294
35 980 0.8 423 9.381078161999175e+22 3.147642285716275e+17 292
35 980 0.8 424 6.847890838530781e+23 2.029601447728974e+19 295
35 980 0.8 425 9.59164639381025e+25 2.1712680759104117e+22 292
35 980 0.8 426 5.406657696766354e+30 4.35527815654634e+27 292
35 980 0.8 427 8.223479859133537e+19 37626901954560.0 294
35 980 0.8 428 3.851633592574034e+28 1.9024622904433655e+25 291
35 980 0.8 429 8.862129385297329e+24 1.880839910098763e+21 291
35 980 0.8 430 1.3542763668322691e+29 3.5468047008868073e+22 287
35 980 0.8 431 9.30733106570641e+26 1.2911718076436604e+23 289
35 980 0.8 432 1.1682719843153347e+21 3.985972001943552e+17 296
35 980 0.8 433 1.853314606613737e+28 8.078620752688902e+24 294
35 980 0.8 434 1.900248654488879e+26 8.385959200420602e+22 291
35 980 0.8 435 3.388515451983879e+21 1.3162101329803346e+18 298
35 980 0.8 436 3.4370691334859325e+24 2.3211467985125376e+17 289
35 980 0.8 437 1.5243922281887132e+23 1.1529988466540544e+18 292
35 980 0.8 438 4.559027595275184e+22 6.738188446882787e+18 295
35 980 0.8 439 9.635932972399151e+27 2.801827938349247e+24 291
35 980 0.8 440 1.2728802027044608e+25 1.8350993909241448e+21 293
35 980 0.8 441 3.2099936930619304e+22 3.1522724024578376e+18 294
35 980 0.8 442 2.043427024750768e+29 4.624342847492227e+24 289
35 980 0.8 443 4.1144463347604644e+26 3.826824703411019e+22 295
35 980 0.8 444 4.623174996281547e+23 6.6956417064098054e+19 297
35 980 0.8 445 9.844818912165165e+24 1.268023948523875e+21 295
35 980 0.8 446 2.8655021968447388e+28 5.841506681622039e+24 290
35 980 0.8 447 1.4659661329950237e+22 3.939007167999072e+18 294
35 980 0.8 448 1.3772409256763514e+28 1.0923401768540932e+25 293
35 980 0.8 449 1.1704215668046125e+25 1.2852616177997657e+21 289
35 980 0.8 450 3.432492308290752e+25 8.332495695988911e+21 289
35 980 0.8 451 1.1745565141686462e+23 5.3372752955649696e+19 296
35 980 0.8 452 1.446449615599939e+24 1.2278890238114857e+20 293
35 980 0.8 453 8.881451493097641e+25 4.096946209250083e+21 290
35 980 0.8 454 2.9028762586067027e+24 9.594820355394355e+18 289
35 980 0.8 455 1.2843157430702393e+31 2.0211153575429937e+27 292
35 980 0.8 456 5.501403463268453e+22 2.0794902617608946e+19 295
35 980 0.8 457 3.01348850211397e+23 1.1314717045915458e+20 295
35 980 0.8 458 1.498186796820869e+27 4.246248074408181e+23 290
35 980 0.8 459 8.452173208589822e+23 1.389250101482496e+17 293
35 980 0.8 460 3.8642872359874423e+25 1.24485784373035e+20 290
35 980 0.8 461 9.255065961529993e+23 3.3598604621605847e+19 294
35 980 0.8 462 1.2053989803231566e+24 2.5492431757872697e+20 290
35 980 0.8 463 3.9012295015747434e+23 1.7114343521573464e+20 294
35 980 0.8 464 1.205736041186889e+23 1.2841102708870349e+19 291
35 980 0.8 465 6.478438072336858e+20 9.405699075053568e+16 291
35 980 0.8 466 1.3735785162321832e+27 4.840814799700968e+23 292
35 980 0.8 467 6.359331766515458e+22 2.2084082816237568e+18 293
35 980 0.8 468 1.15614579667991e+25 3.565279907577594e+21 294
35 980 0.8 469 1.0563921639319245e+25 5.113074993983435e+21 292
35 980 0.8 470 7.295255923334745e+25 5.106026290120814e+22 294
35 980 0.8 471 1.0849021665303069e+26 5.413879401128484e+22 295
35 980 0.8 472 2.9492917224843657e+27 7.523405618397271e+23 293
35 980 0.8 473 3.647044805327637e+27 2.215686277258042e+24 290
35 980 0.8 474 4.1137681363278546e+26 9.082659497318514e+21 290
35 980 0.8 475 1.3405689168720982e+22 3.7627382609963827e+18 297
35 980 0.8 476 9.698008528469494e+27 4.2974260724647077e+24 290
35 980 0.8 477 1.410219633547664e+22 6.040988583100416e+17 290
35 980 0.8 478 1.4242372874754237e+25 2.2201198424300593e+19 293
35 980 0.8 479 1.3915884064626721e+22 1.0328758553984532e+18 294
35 980 0.8 480 2.831742145786134e+24 1.8812421411899866e+21 295
35 980 0.8 481 1.470342488496548e+25 9.895277638405043e+20 296
35 980 0.8 482 1.0922125952471163e+28 5.4840267177984e+17 288
35 980 0.8 483 3.1759090582088094e+24 1.7973095562433145e+21 294
35 980 0.8 484 3.5512085988232375e+24 9.98650774016695e+20 291
35 980 0.8 485 9.400579449891344e+22 1.098313801334902e+19 297
35 980 0.8 486 4.850859490602758e+22 1.5637543754127213e+19 294
35 980 0.8 487 8.018351987606176e+22 3.455282200660992e+18 292
35 980 0.8 488 1.0521168986721696e+30 2.985666708975344e+26 288
35 980 0.8 489 5.380496350536083e+29 2.8163821323992127e+26 291
35 980 0.8 490 5.070612624326172e+25 3.0085274135123473e+22 293
35 980 0.8 491 4.517904464690296e+26 1.9743495715435558e+23 291
35 980 0.8 492 4.733041123210317e+22 5405573368774656.0 294
35 980 0.8 493 9.691683475689547e+25 1.624484999948314e+22 291
35 980 0.8 494 1.5062289153828391e+26 5.640559892113417e+22 293
35 980 0.8 495 8.276235801315574e+24 2.2167917600644926e+21 293
35 980 0.8 496 3.9261498511846766e+27 1.1731489655268672e+23 292
35 980 0.8 497 2.1584934185122746e+19 920881837080576.0 297
35 980 0.8 498 2.3136162455915622e+27 1.360115912077836e+24 292
35 980 0.8 499 2.211388622535121e+24 4.458574683841833e+20 292
35 980 0.8 500 1.2943956990262524e+28 4.8117219018150027e+24 291
35 980 0.8 501 3.973265246947696e20 9.65054930925865e16 294
35 980 0.8 502 1.6171254311690886e25 6.845055713035223e18 293
35 980 0.8 503 4.4913838060954647e27 3.08334225802167e24 292
35 980 0.8 504 7.684520401631025e29 1.3654121213659118e26 290
35 980 0.8 505 1.6662970405441479e25 2.203396761285925e21 290
35 980 0.8 506 1.2633665525421826e28 7.436962459752559e23 290
35 980 0.8 507 1.0755943430490197e24 2.097484044374704e18 294
35 980 0.8 508 1.9963987267756836e27 6.277162168163992e23 293
35 980 0.8 509 3.0969027019157104e23 1.3429400142841499e20 295
35 980 0.8 510 6.26673357442785e24 6.862765451482578e20 292
35 980 0.8 511 1.0139449895130764e29 7.142879787378079e24 287
35 980 0.8 512 8.160399887181001e22 2.922591460893849e19 293
35 980 0.8 513 9.753984339252198e25 2.765065883724096e22 292
35 980 0.8 514 2.8227738938798903e24 1.603286805478404e21 294
35 980 0.8 515 9.241517710680665e29 2.2654448231987108e26 289
35 980 0.8 516 5.512116846926163e21 2.9679533740825923e18 294
35 980 0.8 517 9.717552659269823e20 1.21197275136e15 294
35 980 0.8 518 5.729095590070172e24 6.945192087388076e20 292
35 980 0.8 519 1.2221701827014693e28 8.268697060194568e21 291
35 980 0.8 520 2.871132969225986e26 9.446138345717731e22 293
35 980 0.8 521 1.4226832898630622e28 1.796467571984849e24 288
35 980 0.8 522 2.589601361675705e25 8.09542878363648e17 292
35 980 0.8 523 7.721826376767148e22 3.553844929823104e19 294
35 980 0.8 524 4.2903236491702745e24 2.408936387140308e21 292
35 980 0.8 525 1.665223130517858e19 3.2296702910976e15 297
35 980 0.8 526 3.005082537632861e22 4.64973632817408e18 293
35 980 0.8 527 1.7537686424750284e21 5.896739699136922e17 296
35 980 0.8 528 2.28361961062352e22 3.4542647383643136e18 294
35 980 0.8 529 2.526128640972335e28 1.3933705557871728e25 292
35 980 0.8 530 5.137680145400382e24 2.5784999435932706e21 294
35 980 0.8 531 1.745350304789292e24 2.4504201035500034e20 295
35 980 0.8 532 1.1344606111707316e23 1.4781616096149504e18 294
35 980 0.8 533 2.0198990523589865e23 1.0056037053661566e20 294
35 980 0.8 534 1.0355665180611382e23 1.0223588465925166e18 297
35 980 0.8 535 4.507052710675616e26 2.794241674943809e23 293
35 980 0.8 536 1.3677302301361032e21 1.4530712179939738e17 292
35 980 0.8 537 6.849141752648524e27 1.845795785899547e23 292
35 980 0.8 538 1.712386103511118e25 4.3017112638139977e21 290
35 980 0.8 539 2.381031887770787e24 3.893915443720204e20 293
35 980 0.8 540 8.269452701931854e25 9.156413902243544e21 291
35 980 0.8 541 2.3343274567770442e29 7.154699145709474e25 289
35 980 0.8 542 7.499279480513072e22 4.168425166525799e19 294
35 980 0.8 543 2.7510159266617157e24 7.933532792871076e18 290
35 980 0.8 544 2.194763077962107e26 4.381765989362036e20 290
35 980 0.8 545 6.492034459075865e26 1.1854261281055736e22 293
35 980 0.8 546 2.1124433633744459e24 1.9703586478731264e20 291
35 980 0.8 547 1.3737994941756624e24 1.7982453135188654e19 294
35 980 0.8 548 7.108262481000313e28 4.892951907185946e25 290
35 980 0.8 549 1.5779285479239494e25 4.744551870391419e21 293
35 980 0.8 550 1.257344254326167e27 5.6323810213270966e23 290
35 980 0.8 551 1.8990926441749194e25 4.658481253980188e21 294
35 980 0.8 552 4.390779598310305e25 2.597084984343575e22 294
35 980 0.8 553 2.2640823431275656e25 3.033115531950293e18 293
35 980 0.8 554 2.2015367501914046e26 2.907045318042803e22 289
35 980 0.8 555 1.4060432340634139e22 1.1532992367661056e18 294
35 980 0.8 556 6.403207874245167e22 1.1870409319200522e18 293
35 980 0.8 557 2.333952922050673e23 2.8760586067989496e19 291
35 980 0.8 558 1.3398518514535882e25 9.948706694839195e21 296
35 980 0.8 559 4.777651147390928e24 1.065266247931314e21 293
35 980 0.8 560 6.483431450891008e24 1.8473641519410165e20 290
35 980 0.8 561 1.919483426950569e27 1.222292257591426e24 293
35 980 0.8 562 3.095357918216772e27 6.551205598643862e23 290
35 980 0.8 563 1.9913549793986882e28 2.645769499819826e24 295
35 980 0.8 564 2.5808885454938193e21 4.5860294777831424e17 291
35 980 0.8 565 8.831164112083515e21 4.581514933220966e16 294
35 980 0.8 566 8.663503038650235e19 2.079551954608128e16 294
35 980 0.8 567 6.983046559895331e25 6.361295168008618e20 292
35 980 0.8 568 3.302769072554936e20 2.72267177914368e16 298
35 980 0.8 569 5.068371126001623e27 1.1548948647538193e23 291
35 980 0.8 570 4.717085211318742e25 3.424725932285952e18 289
35 980 0.8 571 6.8271585633782215e25 7.870106999865469e20 294
35 980 0.8 572 4.899025576946995e17 5.16481080192e13 294
35 980 0.8 573 3.9924533462165433e27 1.3336987338482212e24 289
35 980 0.8 574 2.8482231974584885e23 4.3772148031956664e19 294
35 980 0.8 575 1.2824610692665306e26 2.0168108037128352e21 291
35 980 0.8 576 2.81311249311672e30 1.580629561270013e27 292
35 980 0.8 577 3.5168945532034077e27 2.7612717459900063e23 294
35 980 0.8 578 5.596691731268021e29 3.375242096687687e26 289
35 980 0.8 579 4.2426135329288765e27 7.86284826574155e22 291
35 980 0.8 580 6.342635209644753e24 1.0201719678322791e21 291
35 980 0.8 581 5.027457356797354e27 2.8470211771963106e24 292
35 980 0.8 582 7.728502661680274e23 3.103043955158124e20 292
35 980 0.8 583 3.9277454813656175e26 1.901884402259235e23 293
35 980 0.8 584 1.2546526229835834e25 3.0040097395038287e21 292
35 980 0.8 585 6.232873844653326e20 1.81950799675392e15 295
35 980 0.8 586 5.517409835566894e25 2.78147539404211e22 291
35 980 0.8 587 3.216329175532791e22 1.9576237215497454e19 296
35 980 0.8 588 2.4525539439590817e25 4.597254544220923e21 291
35 980 0.8 589 1.994215874001949e29 4.154100658004356e25 288
35 980 0.8 590 1.042590899904955e26 8.008015216447775e22 294
35 980 0.8 591 4.210449979985437e24 1.704329330688e14 292
35 980 0.8 592 7.269131331363264e24 1.4752637599653888e18 294
35 980 0.8 593 1.3116848432658476e25 1.3471325785732442e21 291
35 980 0.8 594 5.322753723020083e17 2.144939802624e13 292
35 980 0.8 595 1.3717852251154847e24 3.3316447916261376e19 293
35 980 0.8 596 6.997981659341675e23 1.0633520535069229e20 292
35 980 0.8 597 4.060062856167449e28 1.778032944655166e24 291
35 980 0.8 598 1.7458039243940384e24 7.16342354539964e20 292
35 980 0.8 599 8.199923746449045e25 5.092231432073262e22 294
35 980 0.8 600 5.757540386259475e28 2.922371240061226e25 289
35 980 0.8 601 9.526874905467026e25 1.9056995095488485e22 294
35 980 0.8 602 9.474567219235406e27 1.0363929018594212e24 290
35 980 0.8 603 1.0317768828766185e25 5.925836939993285e20 295
35 980 0.8 604 2.1956003880896227e26 3.3478924406894346e19 292
35 980 0.8 605 1.3014199786215607e27 6.174589459302088e23 291
35 980 0.8 606 2.7698785171990458e28 2.6638414303115693e24 292
35 980 0.8 607 9.458061275918296e23 1.3118430658116096e19 292
35 980 0.8 608 1.552324419132003e32 6.9426758016495705e28 288
35 980 0.8 609 7.133697363568967e23 1.0634588371055813e19 292
35 980 0.8 610 3.462468159954427e23 1.1113709790119112e20 294
35 980 0.8 611 6.669294595246206e25 1.7037142658300628e22 290
35 980 0.8 612 1.7534589386846668e25 1.1069019150034031e21 290
35 980 0.8 613 8.930661583960404e26 8.214297113454038e22 291
35 980 0.8 614 3.097394980635231e24 1.8287683473951707e19 292
35 980 0.8 615 1.3943170316677444e25 6.906368128667837e20 291
35 980 0.8 616 7.5486089770123905e22 2.463912767509724e19 295
35 980 0.8 617 1.2544829133479446e22 4.691347948210936e18 292
35 980 0.8 618 1.6247283085823072e24 2.736805755723976e20 291
35 980 0.8 619 4.1187451962151514e24 1.8135065879351748e20 293
35 980 0.8 620 7.657643249581645e27 6.989462013959253e23 290
35 980 0.8 621 8.285578287587182e22 2.093583303838676e18 294
35 980 0.8 622 6.911519609705923e30 2.2967738285885083e27 288
35 980 0.8 623 3.861664002186925e31 5.841984764525642e27 290
35 980 0.8 624 4.109257303583406e23 1.1827245047275513e20 295
35 980 0.8 625 3.8057223360481464e24 9.287200481684914e20 292
35 980 0.8 626 4.1328079677029256e27 3.0838251160610196e23 292
35 980 0.8 627 1.2799285715005554e31 8.26951985508011e27 288
35 980 0.8 628 1.681682487236771e27 6.71220951298173e20 293
35 980 0.8 629 1.9841072295898376e27 6.788776284795964e23 292
35 980 0.8 630 8.530686078163367e23 1.56627998625118e19 294
35 980 0.8 631 3.9085571241818283e27 1.807405190142233e24 294
35 980 0.8 632 1.6230165425829123e23 4.70601055465566e19 295
35 980 0.8 633 9.081347964992695e24 1.5831493858363845e21 297
35 980 0.8 634 3.7038756285380504e26 1.1103212729409538e23 292
35 980 0.8 635 3.9172026312272464e29 3.178098160372976e25 293
35 980 0.8 636 1.7675072405118909e25 1.0793624839090864e22 293
35 980 0.8 637 3.7102289104644923e22 2.3716342801199447e18 290
35 980 0.8 638 4.716347106683873e24 1.7347649963521088e20 292
35 980 0.8 639 3.4940703022589274e23 5.9147229033007055e19 292
35 980 0.8 640 3.1195843639916787e22 4.0050997030034493e18 292
35 980 0.8 641 3.477808799982109e26 1.322223812099685e21 292
35 980 0.8 642 6.1577250485682954e26 2.70031146206248e23 294
35 980 0.8 643 5.750458445327917e23 4.584962032875012e19 292
35 980 0.8 644 9.523197246859137e25 1.6446925402564314e22 289
35 980 0.8 645 9.386771373620036e30 1.5899922076737526e26 289
35 980 0.8 646 3.1073735112860254e27 1.8210051450254643e24 294
35 980 0.8 647 5.2089425627134665e28 1.2005879247686346e24 291
35 980 0.8 648 1.888175050403983e25 4.610846159983858e21 290
35 980 0.8 649 1.2283836971379504e26 1.4033808267391502e21 292
35 980 0.8 650 6.72440483665859e27 2.010692951287341e24 289
35 980 0.8 651 7.388264389736556e27 3.072030899718674e24 291
35 980 0.8 652 4.207412103473747e28 3.0175484843124077e25 292
35 980 0.8 653 7.774856431193456e21 3.258916264754381e17 292
35 980 0.8 654 1.1225496581234654e24 1.4714126088363826e20 293
35 980 0.8 655 2.9146043136463496e24 1.6679298888122882e20 291
35 980 0.8 656 7.491401515571729e27 3.476361509823441e24 294
35 980 0.8 657 9.99071100121993e21 2.9716198388302694e18 295
35 980 0.8 658 2.268039862395175e18 5.7050923456512e14 299
35 980 0.8 659 3.917952338075271e26 4.8832396543870164e22 295
35 980 0.8 660 1.1221147089255942e24 2.2332810860048646e20 297
35 980 0.8 661 1.2206410669321821e26 8.40276400097601e22 294
35 980 0.8 662 1.490936814926165e28 1.2487779437064147e25 293
35 980 0.8 663 5.765479785602102e30 5.938991904315671e25 290
35 980 0.8 664 9.847419762122676e28 1.1434497184340422e25 287
35 980 0.8 665 2.5691827387891314e22 6.862284963938304e18 294
35 980 0.8 666 4.092200002848352e23 1.4900346707343924e20 293
35 980 0.8 667 3.0349578017925636e29 9.352908317594043e25 290
35 980 0.8 668 8.81308106357417e25 5.527849600725647e21 292
35 980 0.8 669 8.21265248314946e24 9.034581557111685e19 289
35 980 0.8 670 6.255240328330381e26 3.792858069661854e23 292
35 980 0.8 671 2.336091227895359e28 2.934796399535144e24 289
35 980 0.8 672 4.2959339569456104e27 1.1035768875638897e24 290
35 980 0.8 673 7.98299027655876e27 4.0910276545433525e24 291
35 980 0.8 674 9.764902039607609e28 4.178945547879301e24 290
35 980 0.8 675 1.5661506324016598e27 6.668142810738498e23 291
35 980 0.8 676 2.547251782568384e21 2.076571219968e13 294
35 980 0.8 677 2.7863035772978433e20 2.3584691177570304e16 296
35 980 0.8 678 6.811874438392942e27 1.8004218889724888e24 291
35 980 0.8 679 9.147216510984873e24 1.450556392294169e21 292
35 980 0.8 680 5.8265398313737205e23 5.6066564800512e14 296
35 980 0.8 681 1.2147349934863878e23 1.7023885247822617e19 291
35 980 0.8 682 4.063175894087129e24 2.580541381292435e21 295
35 980 0.8 683 9.031874889305669e27 6.387913441570688e24 293
35 980 0.8 684 2.973149588878902e21 9.8179033817088e16 297
35 980 0.8 685 1.5053631087880388e21 3.7235365731415296e17 294
35 980 0.8 686 1.1687126578195954e24 7.543781697316904e20 295
35 980 0.8 687 1.0017964599770825e26 1.50833791810926e22 295
35 980 0.8 688 3.510120099974877e28 1.627764668025339e25 290
35 980 0.8 689 8.856099369849628e27 2.614891454629996e24 293
35 980 0.8 690 8.976522874001958e20 2.16710882279424e16 294
35 980 0.8 691 2.3873952976280464e25 5.4378080151701e21 292
35 980 0.8 692 8.800047930807136e24 3.7091855546263525e21 291
35 980 0.8 693 1.9595078059516995e24 4.210440497692014e20 293
35 980 0.8 694 4.656674188520871e28 2.746441200505005e25 292
35 980 0.8 695 2.3603546411705073e28 1.5247651679649724e25 293
35 980 0.8 696 7.872707025636882e24 2.8394773587340747e21 294
35 980 0.8 697 3.46870794556029e22 7.196102453049754e17 292
35 980 0.8 698 1.1474284621897139e27 1.0002911288051155e23 290
35 980 0.8 699 9.186228142441072e21 1.1409290921097216e17 293
35 980 0.8 700 7.541078038079126e31 5.306611135917965e28 286
35 980 0.8 701 3.874409327741351e24 1.1951404347469057e20 292
35 980 0.8 702 1.7773977203964129e27 1.2377660987262267e24 292
35 980 0.8 703 7.566984941836594e31 4.9112136102021145e28 290
35 980 0.8 704 2.559207674032128e17 7.96637528064e12 295
35 980 0.8 705 3.737339616340869e17 1.342402854912e14 296
35 980 0.8 706 5.024456516730702e25 7.095008230763397e18 294
35 980 0.8 707 5.547126419536812e21 1.285111166976e12 290
35 980 0.8 708 2.0733565076001847e26 2.0631467236535105e21 293
35 980 0.8 709 4.416241379282919e23 2.2341565963949654e19 292
35 980 0.8 710 1.3199209792442624e28 5.141576998560195e24 290
35 980 0.8 711 1.0441877544157605e32 5.406001485476893e28 286
35 980 0.8 712 4.314169769864674e28 2.779623845861793e24 293
35 980 0.8 713 1.3643892355284513e28 2.3837003111641157e24 293
35 980 0.8 714 3.6311073992832336e24 1.5673842839256957e21 293
35 980 0.8 715 7.526323510602172e27 5.522028901314654e24 292
35 980 0.8 716 4.349666780581951e29 2.978231632023876e26 290
35 980 0.8 717 1.0163269028828065e27 2.86655891935411e20 292
35 980 0.8 718 1.4070595871895237e28 1.170821429379338e23 291
35 980 0.8 719 1.3030555371528185e27 3.387365066066369e23 293
35 980 0.8 720 2.4263925292932957e23 8.28869192411305e18 295
35 980 0.8 721 1.1906398986626186e26 3.061775151299771e22 291
35 980 0.8 722 9.753862362349475e26 1.1873803930969346e21 294
35 980 0.8 723 1.0282881916243821e29 1.7209056856253373e25 293
35 980 0.8 724 1.0936568858984604e24 2.1222393435839693e18 293
35 980 0.8 725 9.988768099127117e24 2.7213887063661824e21 293
35 980 0.8 726 3.870180815873404e25 7.786543862000561e19 293
35 980 0.8 727 1.0055606171486088e30 4.956853766224679e26 291
35 980 0.8 728 6.264846328191385e23 3.520235945000563e20 293
35 980 0.8 729 4.955129453729699e24 1.5672304826138493e20 292
35 980 0.8 730 8.180662893776606e25 1.213170386926706e21 291
35 980 0.8 731 2.8730698994258276e26 7.374442970384508e22 291
35 980 0.8 732 1.3305417514410563e18 7.074301151232e12 298
35 980 0.8 733 4.211901218400186e26 7.149491903032061e22 293
35 980 0.8 734 3.514517778473164e22 4.728643793902829e18 295
35 980 0.8 735 8.816491496898904e24 1.829848526483398e20 293
35 980 0.8 736 2.3406128149898284e28 8.952714310590304e21 292
35 980 0.8 737 4.939989559688331e22 4.710960107406306e18 293
35 980 0.8 738 1.9137318535173484e23 1.956401016124303e19 294
35 980 0.8 739 1.2243399608457282e28 8.126047647621179e24 292
35 980 0.8 740 4.018288606822188e20 6.862601065955328e15 291
35 980 0.8 741 4.0421801733279214e24 6.165768772682808e20 291
35 980 0.8 742 4.336865480669311e25 2.2303366871207266e21 294
35 980 0.8 743 4.943519368707374e25 1.2981323808246883e22 295
35 980 0.8 744 1.8987142878495886e28 2.8033506617773005e24 290
35 980 0.8 745 6.4783988185952e23 3.085981640855249e20 293
35 980 0.8 746 7.596067662023311e25 3.096318625777548e21 290
35 980 0.8 747 3.352233080123871e26 3.655828143325988e22 291
35 980 0.8 748 6.74332836604492e27 1.3268616340072776e24 291
35 980 0.8 749 5.493127321870344e29 1.2181585845157535e26 288
35 980 0.8 750 8.629392584604167e23 8.476190951223707e19 293
35 980 0.8 751 1.4129466818651042e27 5.2953567037010777e23 292
35 980 0.8 752 4.310167495278064e26 5.380869702804992e22 292
35 980 0.8 753 5.881333153175384e23 2.088935157399552e17 298
35 980 0.8 754 2.4111787379426896e28 8.555612225132059e24 291
35 980 0.8 755 3.598899169232664e28 1.5224482520031383e25 290
35 980 0.8 756 6.184499137493606e21 1.0830782409702912e18 294
35 980 0.8 757 1.8624005273351692e23 3.5084742437408834e19 293
35 980 0.8 758 8.000988208487905e20 4.282804689408e14 295
35 980 0.8 759 9.790248257727935e29 1.116920064035239e26 291
35 980 0.8 760 2.505477272578903e20 7.1694158635008e15 295
35 980 0.8 761 1.024863057391689e26 6.96369652748444e22 293
35 980 0.8 762 2.2249495494362103e23 6.631076911641754e17 294
35 980 0.8 763 3.4952288438033133e22 9.941492204497349e18 295
35 980 0.8 764 4.657454038647146e23 5.213666786580313e19 294
35 980 0.8 765 1.8146501356710128e24 5.554776447825669e20 294
35 980 0.8 766 4.394794257790261e22 7.10664192e11 292
35 980 0.8 767 7.2864507036779146e28 3.3713410343020994e24 290
35 980 0.8 768 8.518694344924298e27 5.81380938687984e24 294
35 980 0.8 769 6.47384475708627e23 1.642568930746749e19 292
35 980 0.8 770 1.5448205348356535e30 8.298009669784051e25 289
35 980 0.8 771 7.108218118510234e26 2.142104675701496e23 292
35 980 0.8 772 4.700724738310157e28 3.4143797854209287e25 294
35 980 0.8 773 2.316757623312809e27 8.758608204128119e23 292
35 980 0.8 774 1.327379858113789e24 7.349931299812147e20 290
35 980 0.8 775 2.9366045887950825e30 1.8921262150980632e27 291
35 980 0.8 776 3.313666703609035e30 1.1916111822183959e26 292
35 980 0.8 777 5.444794392472842e26 1.4259619941278875e22 290
35 980 0.8 778 9.561617310203126e26 3.057329618430753e21 289
35 980 0.8 779 2.7191810857329106e24 1.4462283613377774e21 294
35 980 0.8 780 5.875403191712206e24 2.955096404702007e21 292
35 980 0.8 781 3.783327195722156e22 2.338997951524147e19 296
35 980 0.8 782 1.3724500675557586e21 6.261789109250949e17 296
35 980 0.8 783 2.7108527558735317e25 3.693087724323562e21 293
35 980 0.8 784 3.7704041726145215e25 1.061772067972724e20 291
35 980 0.8 785 4.3553079059607655e27 9.681621623014635e23 292
35 980 0.8 786 2.3649430544934494e25 1.2134257661055689e22 293
35 980 0.8 787 3.5258004867449176e24 7.636899636621067e20 294
35 980 0.8 788 3.9420714763403356e20 2.9041615798272e16 293
35 980 0.8 789 2.151863005920584e27 7.773146747033338e22 290
35 980 0.8 790 8.642687228555768e26 3.390184368237596e21 289
35 980 0.8 791 1.4834326563944436e28 5.556107444316544e24 290
35 980 0.8 792 5.569013587367507e19 2.47447432656e14 295
35 980 0.8 793 5.757956149765097e22 3.283774323836977e18 292
35 980 0.8 794 2.9360254177518422e29 1.2256066248764708e26 290
35 980 0.8 795 1.311262448059383e27 8.232787623160243e22 289
35 980 0.8 796 1.0802847944444717e25 5.394564035498458e21 294
35 980 0.8 797 9.624483931489193e20 3.35563044404544e16 293
35 980 0.8 798 3.3456687314339213e24 5.203497215276495e20 293
35 980 0.8 799 1.555336333551094e21 7.549247559056947e17 297
35 980 0.8 800 1.422312368685317e25 2.904718935181594e21 292
35 980 0.8 801 5.976463659912161e29 3.367525675736318e26 291
35 980 0.8 802 8.027102187164114e27 2.6330222165012113e24 290
35 980 0.8 803 1.0373438569322959e24 6.717978901903737e20 294
35 980 0.8 804 1.2736132740779117e25 6.863286364713703e19 291
35 980 0.8 805 7.612882284462694e26 2.924625426962977e23 294
35 980 0.8 806 9.713470133097169e24 1.7222653644541526e20 295
35 980 0.8 807 1.0275948901281607e21 4.62597366325248e16 292
35 980 0.8 808 1.3682779235072264e29 1.3181675078065916e25 289
35 980 0.8 809 4.579065334760517e25 2.9637379251882068e22 295
35 980 0.8 810 4.4210698097490124e24 1.967286255171631e21 290
35 980 0.8 811 1.2121920101911302e32 3.1416358553457113e27 289
35 980 0.8 812 2.4111583710736276e20 1.293550860754944e17 298
35 980 0.8 813 8.00541190589302e23 5.231415992198977e18 291
35 980 0.8 814 2.298937870186635e19 3.99213674496e13 294
35 980 0.8 815 2.5479433283422234e24 1.0802995545490588e20 295
35 980 0.8 816 4.245913423274154e22 5.555274819650519e18 292
35 980 0.8 817 4.696566709563166e19 3.047696451072e14 291
35 980 0.8 818 1.3676314761200413e21 5.3157430738944e16 293
35 980 0.8 819 3.142321007368144e30 1.557580689220821e27 288
35 980 0.8 820 4.2886550876798096e24 7.81824609621187e19 289
35 980 0.8 821 1.0673966271830923e23 3.843030380179415e18 292
35 980 0.8 822 5.810056937683129e27 2.879303779605277e24 293
35 980 0.8 823 1.2266062278148347e28 9.81842865210155e24 293
35 980 0.8 824 1.509661467361059e28 7.801983224811805e24 291
35 980 0.8 825 5.068442406362201e21 7.158399829593293e17 295
35 980 0.8 826 6.87820834310422e24 1.9892501797340095e21 293
35 980 0.8 827 3.076085275362753e21 5.13237492832896e16 296
35 980 0.8 828 8.795825557839705e23 3.113717218170134e20 293
35 980 0.8 829 1.0824332884164057e27 7.95713423803344e23 293
35 980 0.8 830 5.392579080302458e26 1.759494984717914e22 292
35 980 0.8 831 1.8338278674550472e26 3.3044262990195924e22 292
35 980 0.8 832 1.5039440332028323e22 1.8539149125791232e18 293
35 980 0.8 833 6.571939183300983e23 1.173366457693348e19 295
35 980 0.8 834 4.640018264464013e23 1.0382641411651338e20 293
35 980 0.8 835 9.132042768353866e21 2.0517564039081743e18 293
35 980 0.8 836 3.923922208279341e25 2.399880165660166e22 293
35 980 0.8 837 2.4286352576642136e24 3.394613013818143e20 296
35 980 0.8 838 3.2994799674416216e23 1.207122124603628e19 292
35 980 0.8 839 9.132960802935001e21 6.01920131678208e17 294
35 980 0.8 840 1.304505255472347e23 2.1553275103557444e19 291
35 980 0.8 841 7.1463401991304185e25 3.3157497468691937e22 295
35 980 0.8 842 2.282744192442345e22 4.475708035914793e18 294
35 980 0.8 843 6.484587111698233e28 3.5461385814136023e25 289
35 980 0.8 844 2.765577315295178e29 1.7159775631191973e25 289
35 980 0.8 845 1.5999481753243065e21 9.93222116549591e16 293
35 980 0.8 846 1.9925234817290336e27 6.920234869736808e22 292
35 980 0.8 847 1.096036412562504e27 7.120531822485084e22 290
35 980 0.8 848 1.568870070119575e27 8.878524166644303e21 289
35 980 0.8 849 3.270738255009989e29 1.4315800645890862e26 292
35 980 0.8 850 3.953007341153654e26 1.20386210300928e18 291
35 980 0.8 851 2.7113627424480705e25 1.4316571021735186e22 292
35 980 0.8 852 1.890220534837885e22 2.842074370674524e18 295
35 980 0.8 853 5.137339251808825e24 3.4009565688818167e21 293
35 980 0.8 854 4.409677082664616e18 1.01879908574208e14 296
35 980 0.8 855 2.3882207201471406e23 2.6699975828098253e18 292
35 980 0.8 856 1.2562654254314674e26 4.921277101166582e22 290
35 980 0.8 857 5.580504049459594e24 3.268838969060501e20 293
35 980 0.8 858 1.8025174324891256e26 5.900168089213686e22 289
35 980 0.8 859 6.891429197309044e26 1.3874776618660131e23 290
35 980 0.8 860 2.9944676914834192e25 8.876376119583998e21 294
35 980 0.8 861 1.0321953935590526e21 6.403158109552896e16 296
35 980 0.8 862 5.510314088112465e24 3.767482316950619e21 294
35 980 0.8 863 1.7008277708424933e24 4.993235919984873e19 290
35 980 0.8 864 2.9565808613488386e30 1.175047947442668e27 291
35 980 0.8 865 3.683907286859503e23 5.7259423593761735e19 291
35 980 0.8 866 8.329746783055527e20 1.357584853008384e15 292
35 980 0.8 867 3.0867282000670937e25 9.102589952791034e21 295
35 980 0.8 868 8.899152540100461e28 8.920376152492032e25 294
35 980 0.8 869 2.8563833202821834e24 2.6606233952764078e20 290
35 980 0.8 870 4.415354691511578e27 2.2047646315957026e24 292
35 980 0.8 871 1.1433859870600367e27 2.560707366009097e23 292
35 980 0.8 872 7.932102022039714e24 7.696803344534547e20 294
35 980 0.8 873 3.995980244949765e23 6.64899400728576e17 293
35 980 0.8 874 8.98327454560761e28 3.3564487611449447e25 289
35 980 0.8 875 3.061852180576416e25 1.9980357276659605e22 296
35 980 0.8 876 1.0954348235121615e26 2.0276946976131116e22 291
35 980 0.8 877 7.392704303388294e24 2.1027366211355594e21 295
35 980 0.8 878 1.2218194684193909e28 2.43926793015529e24 292
35 980 0.8 879 1.2876646225672866e21 5.14400689152e17 298
35 980 0.8 880 1.3247658423940045e28 8.92865647820414e23 292
35 980 0.8 881 1.823828669391034e34 9.374038840149587e30 289
35 980 0.8 882 6.218920223318276e26 2.632337118575933e22 292
35 980 0.8 883 2.7570075175567602e20 8.855150542848e14 290
35 980 0.8 884 7.705896698367972e25 4.990400561733064e22 292
35 980 0.8 885 1.0144789700098796e26 5.856459853867673e22 295
35 980 0.8 886 4.975044986799525e21 1.8241161265152e16 294
35 980 0.8 887 3.874483084808779e25 1.5105918936982487e18 288
35 980 0.8 888 5.91536871840307e22 3.6276106825728e18 293
35 980 0.8 889 8.540025252163868e27 4.165893845962157e24 290
35 980 0.8 890 7.006795083099398e28 3.7456994495208983e25 292
35 980 0.8 891 5.686355256965689e31 1.1931174587994432e28 287
35 980 0.8 892 2.701216151317416e24 1.1792231328479035e21 292
35 980 0.8 893 5.879094133691627e22 4.048112589804749e17 291
35 980 0.8 894 8.506337436373442e26 4.510147340117288e23 293
35 980 0.8 895 5.175165188739184e30 1.7014380053853318e25 289
35 980 0.8 896 3.0312805585805573e18 5.63516928e11 293
35 980 0.8 897 4.141071915919589e31 2.139729238075985e28 288
35 980 0.8 898 8.341051770216887e23 3.629313246656603e19 290
35 980 0.8 899 6.764047303345515e27 3.163068284349121e24 289
35 980 0.8 900 7.806852298442531e22 4.685108429301535e18 293
35 980 0.8 901 9.762525161434425e28 6.72734672356802e23 289
35 980 0.8 902 1.1808573069318367e24 4.3700551845422285e17 292
35 980 0.8 903 1.3289147257952856e25 5.114748182634694e20 293
35 980 0.8 904 1.80153270351745e25 1.828517771379705e19 294
35 980 0.8 905 5.216396382534347e22 8.693693889359155e18 292
35 980 0.8 906 1.7697788643628036e26 2.6651677688657506e22 290
35 980 0.8 907 8.968729963861586e24 2.986906062050301e21 295
35 980 0.8 908 4.953182979392396e27 3.37398320719573e24 293
35 980 0.8 909 1.9640608343691501e28 1.5866525716600924e24 291
35 980 0.8 910 8.655953793133543e24 2.928147340221481e20 292
35 980 0.8 911 1.329271597812115e23 1.7918097539006362e19 292
35 980 0.8 912 1.5852837302696912e20 2.77104383793468e16 295
35 980 0.8 913 7.306156070309156e23 3.0889495321809674e19 297
35 980 0.8 914 3.0872884849230818e26 8.51655427590369e22 290
35 980 0.8 915 1.374437698462806e27 9.894838744646342e22 291
35 980 0.8 916 5.711526605382911e27 9.987693971435275e23 292
35 980 0.8 917 2.958449433398719e25 5.345337445921047e21 293
35 980 0.8 918 9.353138294054989e25 2.094235375463625e22 291
35 980 0.8 919 2.467672642165654e21 5.776602137690112e17 292
35 980 0.8 920 1.7494455849599495e25 2.8530543125833937e21 290
35 980 0.8 921 1.624124104881805e26 3.071108355611613e22 292
35 980 0.8 922 5.184056495185149e28 2.428012177519509e25 292
35 980 0.8 923 1.9074450736663468e27 1.2467905254794315e24 293
35 980 0.8 924 9.365338788837585e25 1.8946005113733676e22 293
35 980 0.8 925 1.641821232762919e21 4.889155937697792e16 293
35 980 0.8 926 3.512457606898591e23 5.071639016374272e16 288
35 980 0.8 927 6.566058583354435e23 2.936032689907538e18 293
35 980 0.8 928 1.0941914132305038e31 2.7436428395779614e27 289
35 980 0.8 929 8.8390694981139e26 3.197059823575756e22 291
35 980 0.8 930 1.891441874680642e25 1.7235734702669824e20 292
35 980 0.8 931 1.6046880432401365e24 2.035124302428242e18 292
35 980 0.8 932 1.2608299728092607e21 8.321420042118835e16 294
35 980 0.8 933 9.036679631911729e22 9.020411896779031e18 295
35 980 0.8 934 7.380069549646564e22 8.72904646656e14 290
35 980 0.8 935 1.5347859127200353e25 1.2963631924083887e21 294
35 980 0.8 936 2.2761447551834656e25 1.7624035456421383e20 291
35 980 0.8 937 1.6806445576308753e23 9.77066870745858e17 293
35 980 0.8 938 3.441821729009578e24 5.519740593548199e20 293
35 980 0.8 939 3.359798089276553e24 4.490764812288e16 295
35 980 0.8 940 2.6746048035962183e21 8.460257158268928e15 296
35 980 0.8 941 8.785650693403814e23 3.5614508782790246e18 291
35 980 0.8 942 1.3429062335508858e28 4.823487099570575e24 291
35 980 0.8 943 7.665983228996882e29 9.087155647218613e25 288
35 980 0.8 944 2.6658918343039585e30 7.710590673342072e26 290
35 980 0.8 945 6.403786752989604e21 7.974627205349376e17 292
35 980 0.8 946 6.165139470542975e23 7.73676981874779e19 294
35 980 0.8 947 4.7300216985356536e26 1.300231458565946e23 294
35 980 0.8 948 1.3591358818429138e23 5.214601813971005e19 298
35 980 0.8 949 1.544504593011785e25 3.2163752953995264e20 289
35 980 0.8 950 3.358563680283202e26 1.9256996604395717e23 291
35 980 0.8 951 1.4979705631436681e26 1.8720148669768553e21 294
35 980 0.8 952 2.4301579572236564e25 1.1719257025775822e22 294
35 980 0.8 953 5.358493582760644e24 6.429401934293975e18 296
35 980 0.8 954 5.981739844774593e22 7.72786233483264e17 294
35 980 0.8 955 9.963651972259467e26 6.862417876090173e23 293
35 980 0.8 956 1.842899200443421e26 3.2026418666510263e22 291
35 980 0.8 957 1.6087433051256942e26 1.8263941811351646e22 291
35 980 0.8 958 2.368045619425741e22 3.948082867418112e16 296
35 980 0.8 959 2.354352995218758e26 1.0355083117195708e23 292
35 980 0.8 960 4.209107252311546e22 3.638465201885184e18 294
35 980 0.8 961 5.795705477542111e31 4.298063585351837e28 290
35 980 0.8 962 1.5950425072495378e25 7.94499650520279e21 292
35 980 0.8 963 6.598270135053166e24 6.804596511179389e20 291
35 980 0.8 964 3.4339347058752343e25 1.5967679889461997e22 290
35 980 0.8 965 7.333430009936117e31 1.7147619040510242e28 289
35 980 0.8 966 5.229966241373632e24 1.2533715315287654e20 290
35 980 0.8 967 4.587962401570297e28 7.394751304519793e24 291
35 980 0.8 968 3.044478635990311e27 1.968129376436401e24 293
35 980 0.8 969 9.628074982409429e23 5.685206939587768e17 293
35 980 0.8 970 1.4962420517922187e23 8.953291814807273e18 295
35 980 0.8 971 6.841060393167485e27 4.941194664374259e24 293
35 980 0.8 972 3.4526244515963833e31 5.53542051120443e27 288
35 980 0.8 973 1.5292609277844873e29 1.6745892878286447e25 291
35 980 0.8 974 1.5638487484373596e26 2.6121391287259774e22 291
35 980 0.8 975 2.301530950655946e27 1.0087294155490645e24 290
35 980 0.8 976 5.202650672269591e27 1.5118432257988294e24 290
35 980 0.8 977 7.52580630851609e20 3.0425517123158016e16 293
35 980 0.8 978 3.193344759367268e26 3.3151031364770974e22 292
35 980 0.8 979 1.4541402245396764e21 9.399424092438528e16 294
35 980 0.8 980 3.008038712511086e24 5.3617812219061174e19 291
35 980 0.8 981 1.0674532737688439e27 1.4278199937425057e23 294
35 980 0.8 982 1.2363029622553596e24 7.814369853205913e20 293
35 980 0.8 983 3.699603515631857e24 1.5248178575698066e21 294
35 980 0.8 984 1.6703804197590163e25 1.4480166724681996e19 293
35 980 0.8 985 2.7625276964369024e27 9.359920237941653e23 290
35 980 0.8 986 7.782950298090462e25 1.546071392579596e21 290
35 980 0.8 987 2.2524365886709087e23 1.6546120031937577e19 291
35 980 0.8 988 1.0277868216058419e23 3.2498062851798835e18 294
35 980 0.8 989 2.0162749286003947e24 8.431822693332055e19 292
35 980 0.8 990 8.642712279907629e24 1.5213509098770058e21 289
35 980 0.8 991 5.390442564889015e21 1.3113636295245245e18 295
35 980 0.8 992 6.109860298386337e20 2.6282629840896e16 294
35 980 0.8 993 5.503664680962028e20 2.8001348893944e16 298
35 980 0.8 994 1.9430507856520857e29 1.2459542120746882e26 292
35 980 0.8 995 5.141451566892926e28 1.43968207369695e25 293
35 980 0.8 996 7.441650450216761e26 4.3314671201644446e21 289
35 980 0.8 997 1.7175132418101015e23 2.6868096879905268e19 298
35 980 0.8 998 4.836799560423149e25 1.1910807451714406e21 291
35 980 0.8 999 3.156264412181512e26 4.140889866327337e22 293
35 980 0.8 1000 4.404763853022435e23 1.063572415488e17 295
