L N d seed D_(MIS-1) D_MIS MIS
9 65 0.8 0 3302 72 22
9 65 0.8 1 1432 24 22
9 65 0.8 2 369 6 23
9 65 0.8 3 4311 80 22
9 65 0.8 4 74780 1248 20
9 65 0.8 5 17412 240 21
9 65 0.8 6 3088 42 22
9 65 0.8 7 20269 416 21
9 65 0.8 8 497 7 22
9 65 0.8 9 531 6 23
9 65 0.8 10 14103 315 22
9 65 0.8 11 207 2 23
9 65 0.8 12 2565 36 22
9 65 0.8 13 10586 222 22
9 65 0.8 14 10904 208 21
9 65 0.8 15 10377 152 21
9 65 0.8 16 2000 32 22
9 65 0.8 17 6231 6 20
9 65 0.8 18 18884 192 20
9 65 0.8 19 5302 116 21
9 65 0.8 20 758 12 23
9 65 0.8 21 5394 81 22
9 65 0.8 22 2558 36 22
9 65 0.8 23 435 6 23
9 65 0.8 24 587 8 24
9 65 0.8 25 41439 1234 21
9 65 0.8 26 149757 2672 20
9 65 0.8 27 2842 48 22
9 65 0.8 28 4846 105 23
9 65 0.8 29 2484 35 21
9 65 0.8 30 347397 10200 20
9 65 0.8 31 2480 42 22
9 65 0.8 32 6710 132 22
9 65 0.8 33 200 2 23
9 65 0.8 34 4636 59 22
9 65 0.8 35 2294 36 22
9 65 0.8 36 2750 60 22
9 65 0.8 37 526 8 24
9 65 0.8 38 56685 1435 20
9 65 0.8 39 4276 78 22
9 65 0.8 40 27164 618 21
9 65 0.8 41 2006 24 22
9 65 0.8 42 3348 67 23
9 65 0.8 43 3528 42 22
9 65 0.8 44 29482 744 21
9 65 0.8 45 20076 408 21
9 65 0.8 46 5136 96 22
9 65 0.8 47 2392 34 22
9 65 0.8 48 7055 82 21
9 65 0.8 49 6412 120 22
9 65 0.8 50 14996 208 21
9 65 0.8 51 41231 1248 21
9 65 0.8 52 430 7 24
9 65 0.8 53 272 4 24
9 65 0.8 54 8232 176 21
9 65 0.8 55 624 8 22
9 65 0.8 56 1213296 42758 20
9 65 0.8 57 34586 652 20
9 65 0.8 58 3923 50 22
9 65 0.8 59 16842 441 22
9 65 0.8 60 4468 81 21
9 65 0.8 61 4180 36 22
9 65 0.8 62 81994 1532 20
9 65 0.8 63 199506 5498 20
9 65 0.8 64 11981 256 22
9 65 0.8 65 86916 2220 21
9 65 0.8 66 3149 18 21
9 65 0.8 67 2027 21 23
9 65 0.8 68 2014 6 22
9 65 0.8 69 20528 360 21
9 65 0.8 70 42023 762 21
9 65 0.8 71 37676 960 21
9 65 0.8 72 6882 148 22
9 65 0.8 73 217184 6082 20
9 65 0.8 74 1892 36 23
9 65 0.8 75 192084 5008 21
9 65 0.8 76 34824 752 20
9 65 0.8 77 249555 6732 20
9 65 0.8 78 1935 31 23
9 65 0.8 79 28469 490 21
9 65 0.8 80 838 12 23
9 65 0.8 81 4650 73 21
9 65 0.8 82 236353 6235 20
9 65 0.8 83 186 2 24
9 65 0.8 84 20670 540 21
9 65 0.8 85 344232 8936 20
9 65 0.8 86 5040 96 22
9 65 0.8 87 97050 2360 21
9 65 0.8 88 6160 128 21
9 65 0.8 89 1102 8 22
9 65 0.8 90 126614 3128 20
9 65 0.8 91 1136 16 22
9 65 0.8 92 142044 2548 20
9 65 0.8 93 584 10 23
9 65 0.8 94 9691 196 22
9 65 0.8 95 11217 216 21
9 65 0.8 96 4734 50 21
9 65 0.8 97 2298 40 23
9 65 0.8 98 1826 16 21
9 65 0.8 99 20025 450 22
9 65 0.8 100 2142 36 22
9 65 0.8 101 12204 254 22
9 65 0.8 102 13720 240 21
9 65 0.8 103 343 3 22
9 65 0.8 104 2087 35 23
9 65 0.8 105 7941 156 22
9 65 0.8 106 6750 144 22
9 65 0.8 107 15278 191 21
9 65 0.8 108 16462 242 20
9 65 0.8 109 12794 340 22
9 65 0.8 110 14124 352 21
9 65 0.8 111 2214 30 22
9 65 0.8 112 61860 1284 20
9 65 0.8 113 34914 784 21
9 65 0.8 114 23646 486 21
9 65 0.8 115 1024 16 23
9 65 0.8 116 7065 151 22
9 65 0.8 117 5926 110 22
9 65 0.8 118 4711 98 23
9 65 0.8 119 733 13 24
9 65 0.8 120 19677 428 21
9 65 0.8 121 3382 56 23
9 65 0.8 122 12997 264 21
9 65 0.8 123 39598 1196 21
9 65 0.8 124 4362 72 21
9 65 0.8 125 10736 80 21
9 65 0.8 126 1359 22 23
9 65 0.8 127 31257 762 21
9 65 0.8 128 2970 36 22
9 65 0.8 129 1881 36 22
9 65 0.8 130 188058 4956 20
9 65 0.8 131 2445 36 21
9 65 0.8 132 32392 736 21
9 65 0.8 133 640 12 23
9 65 0.8 134 17740 480 21
9 65 0.8 135 41764 786 20
9 65 0.8 136 15740 159 21
9 65 0.8 137 1934 36 22
9 65 0.8 138 3481 66 22
9 65 0.8 139 10810 216 22
9 65 0.8 140 12480 302 22
9 65 0.8 141 53127 1470 21
9 65 0.8 142 1694 36 23
9 65 0.8 143 2523 38 21
9 65 0.8 144 114797 2913 20
9 65 0.8 145 7108 120 22
9 65 0.8 146 6928 142 22
9 65 0.8 147 44812 856 21
9 65 0.8 148 8502 196 22
9 65 0.8 149 217364 4986 20
9 65 0.8 150 371 5 23
9 65 0.8 151 690 12 23
9 65 0.8 152 29428 720 21
9 65 0.8 153 12016 221 21
9 65 0.8 154 1223 20 22
9 65 0.8 155 58214 1312 20
9 65 0.8 156 1207 18 22
9 65 0.8 157 644 10 23
9 65 0.8 158 19714 354 21
9 65 0.8 159 176908 5478 20
9 65 0.8 160 565 10 23
9 65 0.8 161 1054 16 23
9 65 0.8 162 1454 24 23
9 65 0.8 163 2878 4 22
9 65 0.8 164 19112 408 22
9 65 0.8 165 1448 24 22
9 65 0.8 166 557 6 22
9 65 0.8 167 6784 120 22
9 65 0.8 168 2927 31 21
9 65 0.8 169 44052 1088 21
9 65 0.8 170 2440 36 22
9 65 0.8 171 22159 526 22
9 65 0.8 172 15198 268 21
9 65 0.8 173 25891 570 21
9 65 0.8 174 3296 60 22
9 65 0.8 175 1376 30 23
9 65 0.8 176 9486 136 22
9 65 0.8 177 2383 42 22
9 65 0.8 178 75124 1999 20
9 65 0.8 179 346244 10886 20
9 65 0.8 180 146199 3506 20
9 65 0.8 181 11979 60 21
9 65 0.8 182 16215 286 21
9 65 0.8 183 43155 900 21
9 65 0.8 184 5024 103 23
9 65 0.8 185 9981 45 21
9 65 0.8 186 5203 116 22
9 65 0.8 187 3306 66 21
9 65 0.8 188 4638 84 22
9 65 0.8 189 4404 80 22
9 65 0.8 190 26190 618 22
9 65 0.8 191 3630 60 22
9 65 0.8 192 5162 16 21
9 65 0.8 193 450 7 22
9 65 0.8 194 6632 112 21
9 65 0.8 195 152130 4108 21
9 65 0.8 196 11226 120 21
9 65 0.8 197 142 2 23
9 65 0.8 198 80851 1924 20
9 65 0.8 199 23216 468 21
9 65 0.8 200 539 6 23
9 65 0.8 201 3518 60 22
9 65 0.8 202 3395 66 23
9 65 0.8 203 2002 21 22
9 65 0.8 204 6794 135 22
9 65 0.8 205 1968 36 22
9 65 0.8 206 13502 267 21
9 65 0.8 207 41177 1136 21
9 65 0.8 208 8404 164 22
9 65 0.8 209 797 8 23
9 65 0.8 210 9308 225 22
9 65 0.8 211 328 6 24
9 65 0.8 212 884 14 23
9 65 0.8 213 4302 48 22
9 65 0.8 214 1808 33 22
9 65 0.8 215 3990 77 22
9 65 0.8 216 2915 56 23
9 65 0.8 217 824 12 23
9 65 0.8 218 2960 54 21
9 65 0.8 219 1709 24 22
9 65 0.8 220 26055 530 21
9 65 0.8 221 14562 318 21
9 65 0.8 222 2384 48 22
9 65 0.8 223 27733 658 21
9 65 0.8 224 3547 21 21
9 65 0.8 225 16975 394 22
9 65 0.8 226 115139 3444 21
9 65 0.8 227 22940 480 21
9 65 0.8 228 10512 208 22
9 65 0.8 229 71880 1548 20
9 65 0.8 230 6173 116 22
9 65 0.8 231 3461 66 21
9 65 0.8 232 4278 72 22
9 65 0.8 233 567 9 23
9 65 0.8 234 13398 268 22
9 65 0.8 235 25742 596 21
9 65 0.8 236 2332 16 22
9 65 0.8 237 168136 4972 20
9 65 0.8 238 9228 180 22
9 65 0.8 239 50942 1236 21
9 65 0.8 240 56706 1376 21
9 65 0.8 241 25340 410 21
9 65 0.8 242 10864 192 21
9 65 0.8 243 77461 1744 21
9 65 0.8 244 5472 98 22
9 65 0.8 245 2364 36 22
9 65 0.8 246 493616 18784 20
9 65 0.8 247 1648 32 23
9 65 0.8 248 863 12 23
9 65 0.8 249 26248 368 21
9 65 0.8 250 43322 1100 21
9 65 0.8 251 1068 10 23
9 65 0.8 252 98616 2880 21
9 65 0.8 253 867 15 23
9 65 0.8 254 369 5 23
9 65 0.8 255 23064 384 21
9 65 0.8 256 38380 1024 21
9 65 0.8 257 5234 80 22
9 65 0.8 258 5805 132 21
9 65 0.8 259 1640 20 22
9 65 0.8 260 117534 2764 20
9 65 0.8 261 11247 222 22
9 65 0.8 262 1808 36 22
9 65 0.8 263 14997 303 22
9 65 0.8 264 1370 24 23
9 65 0.8 265 30968 334 21
9 65 0.8 266 10191 192 21
9 65 0.8 267 11664 248 22
9 65 0.8 268 4680 84 22
9 65 0.8 269 1844 32 22
9 65 0.8 270 7148 120 21
9 65 0.8 271 1008 16 23
9 65 0.8 272 2064 36 22
9 65 0.8 273 88266 2052 20
9 65 0.8 274 579 6 23
9 65 0.8 275 2128 32 23
9 65 0.8 276 310505 8618 20
9 65 0.8 277 148 2 23
9 65 0.8 278 555 9 23
9 65 0.8 279 110777 3192 20
9 65 0.8 280 15870 280 22
9 65 0.8 281 1001 21 22
9 65 0.8 282 12816 128 21
9 65 0.8 283 3660 72 22
9 65 0.8 284 5270 90 22
9 65 0.8 285 149010 3654 20
9 65 0.8 286 1091 20 23
9 65 0.8 287 11679 218 21
9 65 0.8 288 2514 43 23
9 65 0.8 289 16092 420 22
9 65 0.8 290 85738 1932 20
9 65 0.8 291 1784 33 22
9 65 0.8 292 15456 324 22
9 65 0.8 293 21337 435 21
9 65 0.8 294 3550 44 21
9 65 0.8 295 598 6 23
9 65 0.8 296 1815 23 21
9 65 0.8 297 8800 180 21
9 65 0.8 298 2349 46 22
9 65 0.8 299 2233 40 23
9 65 0.8 300 241 3 23
9 65 0.8 301 7900 160 22
9 65 0.8 302 14984 272 21
9 65 0.8 303 8156 120 22
9 65 0.8 304 1047 18 23
9 65 0.8 305 804 12 24
9 65 0.8 306 308 4 23
9 65 0.8 307 1590 20 22
9 65 0.8 308 9355 172 21
9 65 0.8 309 1548 24 22
9 65 0.8 310 1103 16 22
9 65 0.8 311 8964 190 22
9 65 0.8 312 2770 52 22
9 65 0.8 313 471 6 23
9 65 0.8 314 423 6 23
9 65 0.8 315 15373 360 21
9 65 0.8 316 13254 296 22
9 65 0.8 317 9953 200 22
9 65 0.8 318 14623 79 21
9 65 0.8 319 1865 25 21
9 65 0.8 320 1970 12 21
9 65 0.8 321 1915 12 22
9 65 0.8 322 763 10 23
9 65 0.8 323 9652 200 22
9 65 0.8 324 33614 715 21
9 65 0.8 325 16160 361 21
9 65 0.8 326 11322 182 21
9 65 0.8 327 137634 3348 20
9 65 0.8 328 8467 159 21
9 65 0.8 329 3204 36 21
9 65 0.8 330 1426 26 23
9 65 0.8 331 15096 276 20
9 65 0.8 332 5822 120 22
9 65 0.8 333 6721 36 21
9 65 0.8 334 5035 39 20
9 65 0.8 335 746 12 23
9 65 0.8 336 284 4 23
9 65 0.8 337 8062 144 21
9 65 0.8 338 15348 240 21
9 65 0.8 339 15720 415 22
9 65 0.8 340 7668 144 21
9 65 0.8 341 13252 288 21
9 65 0.8 342 6776 132 21
9 65 0.8 343 1629 27 23
9 65 0.8 344 298 2 23
9 65 0.8 345 32715 840 22
9 65 0.8 346 18516 400 21
9 65 0.8 347 3486 68 22
9 65 0.8 348 1140 16 22
9 65 0.8 349 2911 48 22
9 65 0.8 350 2688 32 21
9 65 0.8 351 2835 58 23
9 65 0.8 352 19216 572 22
9 65 0.8 353 132920 3781 20
9 65 0.8 354 84176 1896 20
9 65 0.8 355 9881 186 20
9 65 0.8 356 27673 723 21
9 65 0.8 357 500 8 23
9 65 0.8 358 15231 277 21
9 65 0.8 359 3931 70 23
9 65 0.8 360 105344 1638 20
9 65 0.8 361 789 14 22
9 65 0.8 362 2347 44 22
9 65 0.8 363 29116 772 22
9 65 0.8 364 279327 9134 21
9 65 0.8 365 12196 216 21
9 65 0.8 366 21391 485 21
9 65 0.8 367 435272 10122 20
9 65 0.8 368 4581 99 22
9 65 0.8 369 2846 58 22
9 65 0.8 370 2192 30 22
9 65 0.8 371 3963 84 23
9 65 0.8 372 1047 18 22
9 65 0.8 373 757 10 22
9 65 0.8 374 19051 330 21
9 65 0.8 375 45433 1058 22
9 65 0.8 376 16338 226 21
9 65 0.8 377 1725 24 22
9 65 0.8 378 29003 750 21
9 65 0.8 379 364 5 22
9 65 0.8 380 6658 84 21
9 65 0.8 381 2872 56 22
9 65 0.8 382 42834 1056 21
9 65 0.8 383 10027 213 22
9 65 0.8 384 8220 92 21
9 65 0.8 385 7335 130 22
9 65 0.8 386 15600 392 21
9 65 0.8 387 2291 27 22
9 65 0.8 388 9770 216 22
9 65 0.8 389 36248 748 21
9 65 0.8 390 3817 48 22
9 65 0.8 391 159621 4236 20
9 65 0.8 392 2611 45 22
9 65 0.8 393 346 5 23
9 65 0.8 394 5812 48 20
9 65 0.8 395 957 18 23
9 65 0.8 396 1361 21 23
9 65 0.8 397 6673 56 21
9 65 0.8 398 3205 47 22
9 65 0.8 399 1908 24 21
9 65 0.8 400 303 4 23
9 65 0.8 401 1705 29 22
9 65 0.8 402 6066 90 21
9 65 0.8 403 10797 168 21
9 65 0.8 404 347 6 23
9 65 0.8 405 73925 1107 20
9 65 0.8 406 5462 45 21
9 65 0.8 407 64267 1412 20
9 65 0.8 408 925 9 22
9 65 0.8 409 1380 24 21
9 65 0.8 410 7625 150 22
9 65 0.8 411 86223 2162 20
9 65 0.8 412 4383 101 22
9 65 0.8 413 38446 968 20
9 65 0.8 414 5233 114 22
9 65 0.8 415 4185 68 22
9 65 0.8 416 37077 815 21
9 65 0.8 417 87246 2840 21
9 65 0.8 418 6263 119 22
9 65 0.8 419 30204 648 21
9 65 0.8 420 100159 2046 20
9 65 0.8 421 99342 2484 21
9 65 0.8 422 1619 10 22
9 65 0.8 423 4198 63 22
9 65 0.8 424 56281 1703 21
9 65 0.8 425 27246 600 22
9 65 0.8 426 4679 82 22
9 65 0.8 427 533 11 24
9 65 0.8 428 4207 77 22
9 65 0.8 429 7131 138 22
9 65 0.8 430 6518 128 22
9 65 0.8 431 14915 240 22
9 65 0.8 432 13898 270 21
9 65 0.8 433 98280 2400 20
9 65 0.8 434 1298 16 22
9 65 0.8 435 1285 1 22
9 65 0.8 436 103299 2704 21
9 65 0.8 437 16072 348 22
9 65 0.8 438 184 3 24
9 65 0.8 439 2070 24 22
9 65 0.8 440 2141 38 23
9 65 0.8 441 4481 6 21
9 65 0.8 442 4254 75 22
9 65 0.8 443 665295 23690 20
9 65 0.8 444 43994 1148 21
9 65 0.8 445 8958 108 21
9 65 0.8 446 691506 23764 20
9 65 0.8 447 3654 66 22
9 65 0.8 448 1857 31 22
9 65 0.8 449 7327 130 22
9 65 0.8 450 1215 14 21
9 65 0.8 451 6858 140 21
9 65 0.8 452 6734 140 22
9 65 0.8 453 70096 2072 21
9 65 0.8 454 6497 110 21
9 65 0.8 455 21820 444 21
9 65 0.8 456 798 15 22
9 65 0.8 457 27123 644 21
9 65 0.8 458 11553 173 21
9 65 0.8 459 818 11 22
9 65 0.8 460 167 2 24
9 65 0.8 461 21795 260 21
9 65 0.8 462 9996 108 21
9 65 0.8 463 7928 128 22
9 65 0.8 464 23224 577 21
9 65 0.8 465 274 4 24
9 65 0.8 466 222924 6376 20
9 65 0.8 467 24673 366 21
9 65 0.8 468 4779 96 22
9 65 0.8 469 8450 119 21
9 65 0.8 470 23054 376 21
9 65 0.8 471 5861 111 22
9 65 0.8 472 81 1 25
9 65 0.8 473 2686 40 22
9 65 0.8 474 1392 22 23
9 65 0.8 475 33388 576 21
9 65 0.8 476 123607 3050 21
9 65 0.8 477 5190 72 22
9 65 0.8 478 4568 80 22
9 65 0.8 479 7768 148 22
9 65 0.8 480 4041 71 22
9 65 0.8 481 12312 284 22
9 65 0.8 482 1530 25 23
9 65 0.8 483 8339 146 22
9 65 0.8 484 24393 350 21
9 65 0.8 485 10986 210 22
9 65 0.8 486 1634 8 21
9 65 0.8 487 14229 274 22
9 65 0.8 488 24302 578 22
9 65 0.8 489 36330 774 21
9 65 0.8 490 3363 24 21
9 65 0.8 491 6588 116 22
9 65 0.8 492 755 12 22
9 65 0.8 493 4603 48 21
9 65 0.8 494 32376 768 21
9 65 0.8 495 323 4 23
9 65 0.8 496 695 10 23
9 65 0.8 497 201468 3592 19
9 65 0.8 498 28966 268 21
9 65 0.8 499 4983 78 22
9 65 0.8 500 127 2 23
9 65 0.8 501 2499.0 30.0 22
9 65 0.8 502 4617.0 108.0 22
9 65 0.8 503 59607.0 1408.0 21
9 65 0.8 504 15513.0 363.0 21
9 65 0.8 505 124479.0 2626.0 20
9 65 0.8 506 27201.0 541.0 20
9 65 0.8 507 868.0 15.0 23
9 65 0.8 508 32901.0 675.0 21
9 65 0.8 509 33780.0 864.0 21
9 65 0.8 510 4307.0 80.0 22
9 65 0.8 511 26169.0 531.0 21
9 65 0.8 512 15102.0 372.0 22
9 65 0.8 513 3978.0 72.0 21
9 65 0.8 514 6463.0 102.0 21
9 65 0.8 515 63230.0 1353.0 21
9 65 0.8 516 18722.0 412.0 22
9 65 0.8 517 13942.0 302.0 21
9 65 0.8 518 40056.0 1079.0 21
9 65 0.8 519 1118.0 20.0 23
9 65 0.8 520 10998.0 162.0 21
9 65 0.8 521 4156.0 82.0 23
9 65 0.8 522 1614.0 26.0 23
9 65 0.8 523 5125.0 124.0 22
9 65 0.8 524 1054.0 14.0 23
9 65 0.8 525 9778.0 204.0 22
9 65 0.8 526 1911.0 28.0 22
9 65 0.8 527 33830.0 812.0 21
9 65 0.8 528 38450.0 932.0 21
9 65 0.8 529 28697.0 622.0 21
9 65 0.8 530 16782.0 148.0 21
9 65 0.8 531 157704.0 4728.0 21
9 65 0.8 532 23200.0 552.0 21
9 65 0.8 533 10061.0 162.0 22
9 65 0.8 534 65411.0 1484.0 21
9 65 0.8 535 4693.0 81.0 22
9 65 0.8 536 42527.0 989.0 21
9 65 0.8 537 268.0 4.0 24
9 65 0.8 538 15150.0 228.0 21
9 65 0.8 539 162772.0 4632.0 21
9 65 0.8 540 4767.0 54.0 22
9 65 0.8 541 5434.0 120.0 21
9 65 0.8 542 208483.0 5778.0 20
9 65 0.8 543 1576.0 24.0 22
9 65 0.8 544 46924.0 1120.0 21
9 65 0.8 545 15666.0 244.0 21
9 65 0.8 546 4088.0 68.0 22
9 65 0.8 547 2921.0 57.0 22
9 65 0.8 548 19816.0 504.0 22
9 65 0.8 549 8281.0 180.0 22
9 65 0.8 550 20179.0 510.0 21
9 65 0.8 551 719.0 11.0 23
9 65 0.8 552 40318.0 902.0 21
9 65 0.8 553 6339.0 120.0 22
9 65 0.8 554 1451.0 14.0 22
9 65 0.8 555 407.0 6.0 23
9 65 0.8 556 250393.0 7257.0 20
9 65 0.8 557 96195.0 2318.0 20
9 65 0.8 558 1260.0 13.0 23
9 65 0.8 559 3414.0 62.0 22
9 65 0.8 560 9931.0 174.0 21
9 65 0.8 561 13741.0 144.0 21
9 65 0.8 562 1.490514e6 32576.0 19
9 65 0.8 563 16470.0 324.0 21
9 65 0.8 564 3830.0 54.0 21
9 65 0.8 565 17279.0 368.0 21
9 65 0.8 566 1745.0 12.0 21
9 65 0.8 567 2984.0 50.0 22
9 65 0.8 568 6219.0 108.0 22
9 65 0.8 569 5856.0 120.0 22
9 65 0.8 570 98457.0 2271.0 20
9 65 0.8 571 1120.0 19.0 23
9 65 0.8 572 2850.0 27.0 22
9 65 0.8 573 463.0 5.0 23
9 65 0.8 574 215.0 2.0 22
9 65 0.8 575 2918.0 36.0 22
9 65 0.8 576 19080.0 462.0 22
9 65 0.8 577 3837.0 50.0 22
9 65 0.8 578 13387.0 231.0 21
9 65 0.8 579 82548.0 2446.0 21
9 65 0.8 580 88918.0 2034.0 20
9 65 0.8 581 2091.0 32.0 23
9 65 0.8 582 11232.0 192.0 21
9 65 0.8 583 93170.0 1162.0 20
9 65 0.8 584 1916.0 33.0 23
9 65 0.8 585 12674.0 216.0 21
9 65 0.8 586 650.0 8.0 22
9 65 0.8 587 5208.0 107.0 22
9 65 0.8 588 9053.0 174.0 22
9 65 0.8 589 676.0 8.0 22
9 65 0.8 590 2381.0 42.0 23
9 65 0.8 591 44304.0 968.0 21
9 65 0.8 592 1098.0 14.0 22
9 65 0.8 593 6042.0 80.0 21
9 65 0.8 594 7772.0 105.0 22
9 65 0.8 595 37982.0 812.0 21
9 65 0.8 596 404.0 6.0 23
9 65 0.8 597 3567.0 48.0 22
9 65 0.8 598 157.0 2.0 24
9 65 0.8 599 6618.0 123.0 21
9 65 0.8 600 9447.0 172.0 22
9 65 0.8 601 24568.0 348.0 21
9 65 0.8 602 6128.0 126.0 22
9 65 0.8 603 84016.0 1704.0 20
9 65 0.8 604 19339.0 356.0 21
9 65 0.8 605 19066.0 368.0 21
9 65 0.8 606 1162.0 16.0 23
9 65 0.8 607 62544.0 1280.0 20
9 65 0.8 608 11846.0 224.0 21
9 65 0.8 609 6659.0 130.0 21
9 65 0.8 610 2964.0 54.0 22
9 65 0.8 611 4937.0 46.0 22
9 65 0.8 612 40391.0 924.0 21
9 65 0.8 613 2994.0 60.0 22
9 65 0.8 614 6000.0 24.0 21
9 65 0.8 615 1548.0 24.0 23
9 65 0.8 616 653.0 10.0 23
9 65 0.8 617 2572.0 40.0 23
9 65 0.8 618 869.0 15.0 23
9 65 0.8 619 32754.0 676.0 21
9 65 0.8 620 3994.0 60.0 21
9 65 0.8 621 6250.0 120.0 22
9 65 0.8 622 103165.0 2588.0 20
9 65 0.8 623 1460.0 26.0 22
9 65 0.8 624 3207.0 54.0 22
9 65 0.8 625 575.0 10.0 23
9 65 0.8 626 20737.0 480.0 21
9 65 0.8 627 4565.0 85.0 21
9 65 0.8 628 9216.0 180.0 22
9 65 0.8 629 1285.0 18.0 22
9 65 0.8 630 63324.0 1412.0 21
9 65 0.8 631 8497.0 126.0 21
9 65 0.8 632 528.0 4.0 23
9 65 0.8 633 28368.0 684.0 21
9 65 0.8 634 7225.0 143.0 21
9 65 0.8 635 6683.0 135.0 22
9 65 0.8 636 306.0 4.0 22
9 65 0.8 637 525.0 8.0 23
9 65 0.8 638 9077.0 142.0 21
9 65 0.8 639 14076.0 192.0 21
9 65 0.8 640 28944.0 638.0 21
9 65 0.8 641 8460.0 172.0 22
9 65 0.8 642 81190.0 1852.0 20
9 65 0.8 643 1560.0 28.0 22
9 65 0.8 644 305.0 4.0 23
9 65 0.8 645 41377.0 1088.0 21
9 65 0.8 646 83557.0 1956.0 20
9 65 0.8 647 67853.0 1470.0 20
9 65 0.8 648 1454.0 30.0 23
9 65 0.8 649 30326.0 672.0 21
9 65 0.8 650 35136.0 541.0 21
9 65 0.8 651 376.0 6.0 23
9 65 0.8 652 7780.0 132.0 22
9 65 0.8 653 3967.0 78.0 21
9 65 0.8 654 778.0 12.0 23
9 65 0.8 655 9700.0 198.0 22
9 65 0.8 656 181083.0 4206.0 20
9 65 0.8 657 6744.0 100.0 22
9 65 0.8 658 432.0 7.0 24
9 65 0.8 659 540.0 8.0 23
9 65 0.8 660 14284.0 354.0 22
9 65 0.8 661 45066.0 1159.0 21
9 65 0.8 662 74071.0 1766.0 20
9 65 0.8 663 9571.0 15.0 20
9 65 0.8 664 16682.0 372.0 22
9 65 0.8 665 2792.0 46.0 22
9 65 0.8 666 303911.0 9762.0 20
9 65 0.8 667 4786.0 90.0 22
9 65 0.8 668 971.0 6.0 22
9 65 0.8 669 7036.0 98.0 22
9 65 0.8 670 21438.0 416.0 21
9 65 0.8 671 9360.0 186.0 21
9 65 0.8 672 1227.0 18.0 23
9 65 0.8 673 743.0 12.0 23
9 65 0.8 674 29283.0 234.0 20
9 65 0.8 675 1928.0 36.0 21
9 65 0.8 676 4474.0 82.0 22
9 65 0.8 677 28254.0 642.0 21
9 65 0.8 678 240.0 4.0 24
9 65 0.8 679 2314.0 36.0 22
9 65 0.8 680 2554.0 32.0 22
9 65 0.8 681 1284.0 24.0 23
9 65 0.8 682 2356.0 44.0 23
9 65 0.8 683 1079.0 16.0 23
9 65 0.8 684 13664.0 145.0 21
9 65 0.8 685 10054.0 232.0 22
9 65 0.8 686 207255.0 5474.0 20
9 65 0.8 687 2888.0 48.0 23
9 65 0.8 688 3078.0 44.0 22
9 65 0.8 689 6055.0 90.0 22
9 65 0.8 690 9197.0 108.0 21
9 65 0.8 691 1112.0 4.0 22
9 65 0.8 692 4514.0 96.0 22
9 65 0.8 693 9520.0 136.0 22
9 65 0.8 694 628.0 10.0 23
9 65 0.8 695 765.0 10.0 22
9 65 0.8 696 3393.0 54.0 22
9 65 0.8 697 85.0 1.0 24
9 65 0.8 698 2700.0 36.0 22
9 65 0.8 699 21692.0 352.0 21
9 65 0.8 700 1205.0 22.0 22
9 65 0.8 701 46959.0 1341.0 21
9 65 0.8 702 4436.0 24.0 21
9 65 0.8 703 28566.0 782.0 21
9 65 0.8 704 4008.0 74.0 22
9 65 0.8 705 3007.0 10.0 21
9 65 0.8 706 112592.0 3200.0 21
9 65 0.8 707 1648.0 32.0 21
9 65 0.8 708 204.0 3.0 24
9 65 0.8 709 11721.0 210.0 21
9 65 0.8 710 718.0 10.0 24
9 65 0.8 711 21156.0 462.0 21
9 65 0.8 712 114728.0 3272.0 20
9 65 0.8 713 44271.0 1156.0 21
9 65 0.8 714 81984.0 2622.0 21
9 65 0.8 715 340896.0 10578.0 20
9 65 0.8 716 382.0 6.0 23
9 65 0.8 717 1958.0 38.0 22
9 65 0.8 718 7760.0 120.0 22
9 65 0.8 719 14204.0 296.0 22
9 65 0.8 720 60799.0 1318.0 21
9 65 0.8 721 1209.0 20.0 23
9 65 0.8 722 4026.0 68.0 21
9 65 0.8 723 8608.0 170.0 21
9 65 0.8 724 8921.0 182.0 22
9 65 0.8 725 6800.0 136.0 21
9 65 0.8 726 63.0 1.0 24
9 65 0.8 727 5764.0 96.0 22
9 65 0.8 728 30442.0 642.0 21
9 65 0.8 729 303.0 4.0 23
9 65 0.8 730 69807.0 1778.0 20
9 65 0.8 731 2788.0 52.0 23
9 65 0.8 732 1391.0 23.0 23
9 65 0.8 733 151601.0 3938.0 20
9 65 0.8 734 1880.0 32.0 23
9 65 0.8 735 1210.0 20.0 23
9 65 0.8 736 6923.0 163.0 22
9 65 0.8 737 3329.0 55.0 22
9 65 0.8 738 3225.0 62.0 22
9 65 0.8 739 1418.0 19.0 22
9 65 0.8 740 2162.0 28.0 22
9 65 0.8 741 47160.0 848.0 20
9 65 0.8 742 21682.0 435.0 20
9 65 0.8 743 436.0 6.0 23
9 65 0.8 744 146.0 2.0 23
9 65 0.8 745 32449.0 778.0 21
9 65 0.8 746 20508.0 508.0 21
9 65 0.8 747 1266.0 18.0 23
9 65 0.8 748 18223.0 338.0 21
9 65 0.8 749 26689.0 697.0 21
9 65 0.8 750 3062.0 40.0 22
9 65 0.8 751 359.0 4.0 23
9 65 0.8 752 7319.0 153.0 22
9 65 0.8 753 310.0 4.0 23
9 65 0.8 754 8268.0 170.0 22
9 65 0.8 755 3656.0 63.0 23
9 65 0.8 756 26652.0 526.0 21
9 65 0.8 757 9269.0 180.0 21
9 65 0.8 758 30470.0 726.0 21
9 65 0.8 759 1690.0 30.0 23
9 65 0.8 760 2228.0 30.0 22
9 65 0.8 761 270.0 5.0 24
9 65 0.8 762 189.0 2.0 23
9 65 0.8 763 3232.0 50.0 22
9 65 0.8 764 244.0 4.0 24
9 65 0.8 765 15164.0 330.0 21
9 65 0.8 766 75003.0 1742.0 21
9 65 0.8 767 40595.0 996.0 21
9 65 0.8 768 621.0 9.0 23
9 65 0.8 769 514.0 4.0 23
9 65 0.8 770 2627.0 52.0 22
9 65 0.8 771 25982.0 612.0 21
9 65 0.8 772 7204.0 162.0 22
9 65 0.8 773 63025.0 1637.0 21
9 65 0.8 774 1988.0 31.0 22
9 65 0.8 775 6213.0 11.0 21
9 65 0.8 776 38255.0 896.0 21
9 65 0.8 777 1387.0 16.0 23
9 65 0.8 778 11696.0 198.0 21
9 65 0.8 779 34014.0 982.0 21
9 65 0.8 780 29293.0 684.0 21
9 65 0.8 781 31450.0 456.0 20
9 65 0.8 782 4678.0 90.0 22
9 65 0.8 783 271378.0 7444.0 20
9 65 0.8 784 20487.0 426.0 21
9 65 0.8 785 40961.0 927.0 21
9 65 0.8 786 14282.0 308.0 22
9 65 0.8 787 8527.0 120.0 21
9 65 0.8 788 30056.0 647.0 21
9 65 0.8 789 154724.0 3312.0 20
9 65 0.8 790 20979.0 530.0 22
9 65 0.8 791 1970.0 38.0 22
9 65 0.8 792 5642.0 123.0 22
9 65 0.8 793 33212.0 568.0 21
9 65 0.8 794 213856.0 3920.0 20
9 65 0.8 795 3697.0 60.0 22
9 65 0.8 796 659.0 9.0 23
9 65 0.8 797 8396.0 162.0 21
9 65 0.8 798 7322.0 142.0 22
9 65 0.8 799 8346.0 166.0 22
9 65 0.8 800 417.0 6.0 23
9 65 0.8 801 82.0 1.0 24
9 65 0.8 802 10358.0 166.0 22
9 65 0.8 803 19757.0 212.0 20
9 65 0.8 804 4784.0 63.0 22
9 65 0.8 805 283.0 4.0 23
9 65 0.8 806 1134.0 12.0 22
9 65 0.8 807 9127.0 150.0 21
9 65 0.8 808 1360.0 16.0 23
9 65 0.8 809 1574.0 24.0 22
9 65 0.8 810 152841.0 4145.0 20
9 65 0.8 811 34780.0 814.0 21
9 65 0.8 812 3365.0 29.0 21
9 65 0.8 813 12106.0 252.0 22
9 65 0.8 814 2098.0 20.0 22
9 65 0.8 815 4290.0 60.0 22
9 65 0.8 816 72341.0 1960.0 21
9 65 0.8 817 4275.0 78.0 22
9 65 0.8 818 778.0 13.0 23
9 65 0.8 819 42662.0 1080.0 21
9 65 0.8 820 2767.0 54.0 23
9 65 0.8 821 673.0 10.0 23
9 65 0.8 822 750.0 12.0 21
9 65 0.8 823 8199.0 148.0 20
9 65 0.8 824 4390.0 84.0 22
9 65 0.8 825 433.0 8.0 23
9 65 0.8 826 9974.0 200.0 21
9 65 0.8 827 1856.0 22.0 22
9 65 0.8 828 17098.0 352.0 21
9 65 0.8 829 28280.0 712.0 21
9 65 0.8 830 16355.0 252.0 21
9 65 0.8 831 153758.0 3712.0 20
9 65 0.8 832 27043.0 620.0 21
9 65 0.8 833 1188.0 16.0 22
9 65 0.8 834 13866.0 268.0 21
9 65 0.8 835 1471.0 27.0 23
9 65 0.8 836 663.0 11.0 23
9 65 0.8 837 5588.0 123.0 22
9 65 0.8 838 1911.0 37.0 23
9 65 0.8 839 3486.0 33.0 21
9 65 0.8 840 48374.0 1149.0 20
9 65 0.8 841 8816.0 185.0 22
9 65 0.8 842 573.0 9.0 23
9 65 0.8 843 1505.0 24.0 23
9 65 0.8 844 5692.0 72.0 21
9 65 0.8 845 1698.0 21.0 23
9 65 0.8 846 1898.0 32.0 23
9 65 0.8 847 708.0 12.0 23
9 65 0.8 848 316.0 4.0 22
9 65 0.8 849 11464.0 248.0 22
9 65 0.8 850 25099.0 578.0 21
9 65 0.8 851 10040.0 233.0 22
9 65 0.8 852 5558.0 95.0 22
9 65 0.8 853 2205.0 36.0 21
9 65 0.8 854 44123.0 1133.0 21
9 65 0.8 855 303388.0 8712.0 20
9 65 0.8 856 76502.0 1960.0 21
9 65 0.8 857 96066.0 2623.0 21
9 65 0.8 858 539.0 8.0 23
9 65 0.8 859 135.0 2.0 23
9 65 0.8 860 10542.0 232.0 22
9 65 0.8 861 2940.0 51.0 21
9 65 0.8 862 5791.0 113.0 22
9 65 0.8 863 1881.0 30.0 23
9 65 0.8 864 9041.0 174.0 21
9 65 0.8 865 10131.0 140.0 21
9 65 0.8 866 2824.0 40.0 21
9 65 0.8 867 320.0 4.0 23
9 65 0.8 868 9343.0 132.0 21
9 65 0.8 869 25978.0 664.0 21
9 65 0.8 870 528.0 9.0 23
9 65 0.8 871 22696.0 528.0 21
9 65 0.8 872 1057.0 17.0 23
9 65 0.8 873 187.0 3.0 24
9 65 0.8 874 968.0 16.0 21
9 65 0.8 875 13247.0 298.0 21
9 65 0.8 876 1676.0 21.0 22
9 65 0.8 877 12220.0 260.0 22
9 65 0.8 878 14466.0 366.0 22
9 65 0.8 879 75718.0 2058.0 20
9 65 0.8 880 123206.0 2842.0 20
9 65 0.8 881 8174.0 114.0 22
9 65 0.8 882 1.249307e6 40534.0 19
9 65 0.8 883 2240.0 32.0 22
9 65 0.8 884 10034.0 156.0 21
9 65 0.8 885 7191.0 151.0 21
9 65 0.8 886 6120.0 120.0 22
9 65 0.8 887 5958.0 50.0 21
9 65 0.8 888 20760.0 450.0 21
9 65 0.8 889 67916.0 1980.0 21
9 65 0.8 890 18067.0 350.0 21
9 65 0.8 891 35548.0 792.0 21
9 65 0.8 892 40652.0 716.0 21
9 65 0.8 893 453.0 6.0 23
9 65 0.8 894 4242.0 80.0 22
9 65 0.8 895 919.0 12.0 22
9 65 0.8 896 2042.0 32.0 22
9 65 0.8 897 2144.0 16.0 21
9 65 0.8 898 21056.0 362.0 21
9 65 0.8 899 4461.0 72.0 22
9 65 0.8 900 7706.0 140.0 22
9 65 0.8 901 1789.0 32.0 22
9 65 0.8 902 14178.0 205.0 21
9 65 0.8 903 11400.0 224.0 21
9 65 0.8 904 564.0 9.0 23
9 65 0.8 905 72.0 1.0 25
9 65 0.8 906 6896.0 168.0 22
9 65 0.8 907 1678.0 28.0 22
9 65 0.8 908 31301.0 912.0 21
9 65 0.8 909 8236.0 160.0 21
9 65 0.8 910 21658.0 390.0 21
9 65 0.8 911 4765.0 100.0 22
9 65 0.8 912 5922.0 108.0 22
9 65 0.8 913 300335.0 9344.0 20
9 65 0.8 914 50554.0 775.0 20
9 65 0.8 915 6034.0 96.0 21
9 65 0.8 916 3566.0 70.0 22
9 65 0.8 917 70265.0 1531.0 20
9 65 0.8 918 6073.0 111.0 22
9 65 0.8 919 2407.0 50.0 23
9 65 0.8 920 3384.0 40.0 21
9 65 0.8 921 15200.0 284.0 21
9 65 0.8 922 13487.0 306.0 22
9 65 0.8 923 23722.0 312.0 21
9 65 0.8 924 8657.0 176.0 22
9 65 0.8 925 2754.0 54.0 23
9 65 0.8 926 1006.0 6.0 22
9 65 0.8 927 820.0 14.0 23
9 65 0.8 928 2184.0 32.0 22
9 65 0.8 929 11028.0 144.0 21
9 65 0.8 930 1529.0 9.0 21
9 65 0.8 931 43430.0 832.0 20
9 65 0.8 932 2434.0 42.0 23
9 65 0.8 933 10638.0 190.0 21
9 65 0.8 934 1386.0 24.0 23
9 65 0.8 935 12904.0 256.0 21
9 65 0.8 936 31474.0 612.0 21
9 65 0.8 937 7880.0 154.0 22
9 65 0.8 938 30623.0 594.0 21
9 65 0.8 939 818.0 15.0 24
9 65 0.8 940 40525.0 1074.0 21
9 65 0.8 941 2372.0 48.0 22
9 65 0.8 942 9609.0 186.0 22
9 65 0.8 943 4486.0 78.0 22
9 65 0.8 944 1086.0 20.0 23
9 65 0.8 945 9793.0 212.0 22
9 65 0.8 946 4830.0 93.0 22
9 65 0.8 947 110.0 1.0 23
9 65 0.8 948 4908.0 80.0 22
9 65 0.8 949 5477.0 122.0 22
9 65 0.8 950 4419.0 90.0 22
9 65 0.8 951 2067.0 32.0 22
9 65 0.8 952 123545.0 2912.0 21
9 65 0.8 953 10035.0 203.0 22
9 65 0.8 954 1074.0 18.0 23
9 65 0.8 955 972.0 16.0 22
9 65 0.8 956 120759.0 2802.0 20
9 65 0.8 957 2301.0 40.0 22
9 65 0.8 958 790.0 12.0 23
9 65 0.8 959 5496.0 116.0 23
9 65 0.8 960 52359.0 1448.0 21
9 65 0.8 961 671.0 6.0 22
9 65 0.8 962 3066.0 72.0 22
9 65 0.8 963 45384.0 1000.0 21
9 65 0.8 964 308.0 4.0 23
9 65 0.8 965 13995.0 250.0 22
9 65 0.8 966 9452.0 127.0 22
9 65 0.8 967 3718.0 56.0 22
9 65 0.8 968 13895.0 279.0 22
9 65 0.8 969 7986.0 162.0 22
9 65 0.8 970 170343.0 3855.0 20
9 65 0.8 971 7752.0 160.0 21
9 65 0.8 972 20958.0 392.0 21
9 65 0.8 973 4626.0 32.0 21
9 65 0.8 974 7092.0 163.0 21
9 65 0.8 975 3150.0 48.0 22
9 65 0.8 976 89566.0 860.0 20
9 65 0.8 977 688.0 8.0 22
9 65 0.8 978 12210.0 176.0 20
9 65 0.8 979 56720.0 1420.0 21
9 65 0.8 980 8048.0 112.0 21
9 65 0.8 981 11682.0 216.0 21
9 65 0.8 982 6280.0 118.0 22
9 65 0.8 983 5614.0 72.0 21
9 65 0.8 984 10304.0 200.0 22
9 65 0.8 985 26206.0 472.0 21
9 65 0.8 986 3334.0 37.0 22
9 65 0.8 987 20650.0 270.0 21
9 65 0.8 988 3348.0 44.0 22
9 65 0.8 989 4039.0 76.0 22
9 65 0.8 990 12104.0 104.0 21
9 65 0.8 991 62650.0 1096.0 20
9 65 0.8 992 97795.0 2038.0 20
9 65 0.8 993 2564.0 36.0 21
9 65 0.8 994 902.0 12.0 22
9 65 0.8 995 13052.0 192.0 21
9 65 0.8 996 6742.0 154.0 21
9 65 0.8 997 43454.0 1000.0 21
9 65 0.8 998 12739.0 256.0 21
9 65 0.8 999 54460.0 1368.0 21
9 65 0.8 1000 274360.0 6270.0 20
